['deciduous', (-0.00016666666666666666, -0.0005), (0.32566666666666666, -0.0005), (0.30033333333333334, 0.025333333333333333), (0.2875, 0.0405), (0.275, 0.06283333333333334), (0.2733333333333333, 0.07133333333333333), (0.2595, 0.08716666666666667), (0.2425, 0.1105), (0.228, 0.10583333333333333), (0.22216666666666668, 0.1005), (0.21816666666666668, 0.09916666666666667), (0.21416666666666667, 0.10016666666666667), (0.211, 0.10383333333333333), (0.184, 0.122), (0.17083333333333334, 0.13083333333333333), (0.16983333333333334, 0.13633333333333333), (0.162, 0.143), (0.15533333333333332, 0.14333333333333334), (0.14266666666666666, 0.17516666666666666), (0.13733333333333334, 0.2025), (0.13933333333333334, 0.23366666666666666), (0.14583333333333334, 0.26033333333333336), (0.1525, 0.28), (0.15966666666666668, 0.29933333333333334), (0.16133333333333333, 0.3105), (0.16566666666666666, 0.33066666666666666), (0.159, 0.33716666666666667), (0.142, 0.347), (0.068, 0.3983333333333333), (0.026, 0.42816666666666664), (0.003, 0.44633333333333336), (-0.00016666666666666666, 0.44066666666666665), (-0.00016666666666666666, -0.0005)]
['orchard', (0.41533333333333333, 0.5288333333333334), (0.44166666666666665, 0.5238333333333334), (0.4676666666666667, 0.5206666666666667), (0.469, 0.5596666666666666), (0.43583333333333335, 0.5603333333333333), (0.412, 0.5628333333333333), (0.41283333333333333, 0.5448333333333333), (0.41533333333333333, 0.5288333333333334)]
['orchard', (0.44266666666666665, 0.56), (0.4705, 0.5596666666666666), (0.4701666666666667, 0.579), (0.4588333333333333, 0.5786666666666667), (0.4588333333333333, 0.5891666666666666), (0.4503333333333333, 0.5895), (0.4498333333333333, 0.5798333333333333), (0.44066666666666665, 0.5793333333333334), (0.44266666666666665, 0.56)]
['orchard', (0.5296666666666666, 0.586), (0.5291666666666667, 0.5681666666666667), (0.5578333333333333, 0.5668333333333333), (0.5588333333333333, 0.5761666666666667), (0.5513333333333333, 0.5766666666666667), (0.5498333333333333, 0.5855), (0.5296666666666666, 0.586)]
['orchard', (0.5283333333333333, 0.5995), (0.5288333333333334, 0.5866666666666667), (0.548, 0.586), (0.5463333333333333, 0.5923333333333334), (0.5421666666666667, 0.5935), (0.5418333333333333, 0.599), (0.5283333333333333, 0.5995)]
['orchard', (0.37516666666666665, 0.6043333333333333), (0.4075, 0.606), (0.4063333333333333, 0.6151666666666666), (0.376, 0.614), (0.37516666666666665, 0.6043333333333333)]
['orchard', (0.37783333333333335, 0.6253333333333333), (0.4018333333333333, 0.6245), (0.4085, 0.6258333333333334), (0.4078333333333333, 0.6301666666666667), (0.3945, 0.6316666666666667), (0.37716666666666665, 0.6321666666666667), (0.37783333333333335, 0.6253333333333333)]
['orchard', (0.28983333333333333, 0.599), (0.2961666666666667, 0.5913333333333334), (0.31666666666666665, 0.6075), (0.311, 0.6158333333333333), (0.2975, 0.6056666666666667), (0.28983333333333333, 0.599)]
['orchard', (0.277, 0.6163333333333333), (0.2833333333333333, 0.607), (0.3233333333333333, 0.6383333333333333), (0.31516666666666665, 0.6458333333333334), (0.277, 0.6163333333333333)]
['orchard', (0.384, 0.633), (0.3975, 0.6333333333333333), (0.39616666666666667, 0.6465), (0.38316666666666666, 0.6453333333333333), (0.384, 0.633)]
['orchard', (0.5178333333333334, 0.6173333333333333), (0.5323333333333333, 0.617), (0.5325, 0.6348333333333334), (0.5163333333333333, 0.6346666666666667), (0.5178333333333334, 0.6173333333333333)]
['orchard', (0.2946666666666667, 0.5123333333333333), (0.284, 0.5171666666666667), (0.279, 0.5055), (0.2916666666666667, 0.49566666666666664), (0.2955, 0.502), (0.2956666666666667, 0.5061666666666667), (0.2936666666666667, 0.5088333333333334), (0.2946666666666667, 0.5106666666666667), (0.2946666666666667, 0.5123333333333333)]
['orchard', (0.3335, 0.43083333333333335), (0.33916666666666667, 0.4126666666666667), (0.3641666666666667, 0.4201666666666667), (0.35883333333333334, 0.43833333333333335), (0.3335, 0.43083333333333335)]
['orchard', (0.31533333333333335, 0.4003333333333333), (0.3233333333333333, 0.364), (0.3365, 0.36633333333333334), (0.32916666666666666, 0.4046666666666667), (0.31533333333333335, 0.4003333333333333)]
['orchard', (0.4861666666666667, 0.20866666666666667), (0.487, 0.21283333333333335), (0.4666666666666667, 0.21516666666666667), (0.4666666666666667, 0.22083333333333333), (0.46, 0.22516666666666665), (0.44166666666666665, 0.227), (0.4201666666666667, 0.22333333333333333), (0.423, 0.20366666666666666), (0.426, 0.20916666666666667), (0.4325, 0.212), (0.4646666666666667, 0.21166666666666667), (0.4861666666666667, 0.20866666666666667)]
['orchard', (0.33416666666666667, 0.8518333333333333), (0.3481666666666667, 0.8393333333333334), (0.3601666666666667, 0.8483333333333334), (0.364, 0.8415), (0.373, 0.8341666666666666), (0.372, 0.8315), (0.381, 0.8231666666666667), (0.39966666666666667, 0.8405), (0.3815, 0.8573333333333333), (0.38283333333333336, 0.8651666666666666), (0.3845, 0.8676666666666667), (0.3745, 0.8853333333333333), (0.3611666666666667, 0.8738333333333334), (0.33416666666666667, 0.8518333333333333)]
['orchard', (0.31683333333333336, 0.9558333333333333), (0.3295, 0.9353333333333333), (0.3418333333333333, 0.9411666666666667), (0.3461666666666667, 0.936), (0.3516666666666667, 0.9411666666666667), (0.36666666666666664, 0.9558333333333333), (0.36433333333333334, 0.9601666666666666), (0.35783333333333334, 0.9598333333333333), (0.34883333333333333, 0.9781666666666666), (0.3393333333333333, 0.9713333333333334), (0.3423333333333333, 0.9656666666666667), (0.338, 0.9638333333333333), (0.334, 0.9671666666666666), (0.31683333333333336, 0.9558333333333333)]
['orchard', (0.488, 0.8675), (0.49966666666666665, 0.8616666666666667), (0.507, 0.8638333333333333), (0.513, 0.8881666666666667), (0.4975, 0.8913333333333333), (0.488, 0.8675)]
['orchard', (0.5266666666666666, 0.891), (0.5478333333333333, 0.8843333333333333), (0.5565, 0.8813333333333333), (0.5625, 0.9006666666666666), (0.534, 0.9051666666666667), (0.526, 0.9053333333333333), (0.5248333333333334, 0.8971666666666667), (0.5266666666666666, 0.891)]
['orchard', (0.5903333333333334, 0.791), (0.6096666666666667, 0.7856666666666666), (0.6211666666666666, 0.7825), (0.6275, 0.7806666666666666), (0.635, 0.805), (0.63, 0.8061666666666667), (0.6335, 0.8188333333333333), (0.608, 0.8206666666666667), (0.6005, 0.8213333333333334), (0.5936666666666667, 0.8021666666666667), (0.5903333333333334, 0.791)]
['orchard', (0.5956666666666667, 0.901), (0.5846666666666667, 0.9023333333333333), (0.5735, 0.9058333333333334), (0.5698333333333333, 0.8988333333333334), (0.5633333333333334, 0.8995), (0.557, 0.8798333333333334), (0.5503333333333333, 0.8621666666666666), (0.5488333333333333, 0.8496666666666667), (0.5568333333333333, 0.8395), (0.5633333333333334, 0.8363333333333334), (0.5768333333333333, 0.8325), (0.5956666666666667, 0.901)]
['coniferous', (0.33116666666666666, 0.402), (0.3481666666666667, 0.4046666666666667), (0.371, 0.4096666666666667), (0.38166666666666665, 0.4081666666666667), (0.3865, 0.407), (0.38133333333333336, 0.4171666666666667), (0.3863333333333333, 0.4216666666666667), (0.3863333333333333, 0.42283333333333334), (0.38266666666666665, 0.43433333333333335), (0.37633333333333335, 0.4425), (0.37466666666666665, 0.4515), (0.37733333333333335, 0.4691666666666667), (0.3835, 0.4871666666666667), (0.3898333333333333, 0.495), (0.385, 0.5031666666666667), (0.363, 0.4836666666666667), (0.3565, 0.4731666666666667), (0.33616666666666667, 0.4835), (0.3348333333333333, 0.4836666666666667), (0.33216666666666667, 0.4791666666666667), (0.31366666666666665, 0.4695), (0.31983333333333336, 0.4385), (0.32166666666666666, 0.436), (0.331, 0.4375), (0.3258333333333333, 0.4558333333333333), (0.35033333333333333, 0.46416666666666667), (0.35433333333333333, 0.445), (0.3313333333333333, 0.43716666666666665), (0.32216666666666666, 0.43516666666666665), (0.325, 0.4236666666666667), (0.33116666666666666, 0.402)]
['orchard', (0.48433333333333334, 0.163), (0.5036666666666667, 0.169), (0.5083333333333333, 0.17133333333333334), (0.49583333333333335, 0.1875), (0.4881666666666667, 0.1805), (0.4831666666666667, 0.1765), (0.48083333333333333, 0.174), (0.48433333333333334, 0.163)]
['orchard', (0.23316666666666666, 0.7963333333333333), (0.21016666666666667, 0.7821666666666667), (0.22166666666666668, 0.7665), (0.243, 0.7835), (0.23316666666666666, 0.7963333333333333)]
['orchard', (0.2325, 0.8133333333333334), (0.25216666666666665, 0.7875), (0.2683333333333333, 0.7995), (0.24866666666666667, 0.8251666666666667), (0.2325, 0.8133333333333334)]
['orchard', (0.543, 0.957), (0.5555, 0.954), (0.5658333333333333, 0.9495), (0.5738333333333333, 0.9463333333333334), (0.5871666666666666, 0.9568333333333333), (0.5723333333333334, 0.9703333333333334), (0.5568333333333333, 0.9818333333333333), (0.549, 0.9725), (0.5453333333333333, 0.9691666666666666), (0.543, 0.957)]
['orchard', (0.5591666666666667, 0.9856666666666667), (0.59, 0.9586666666666667), (0.6151666666666666, 0.9813333333333333), (0.5853333333333334, 1.0001666666666666), (0.5701666666666667, 1.0), (0.5591666666666667, 0.9856666666666667)]
['orchard', (0.4305, 0.9701666666666666), (0.443, 0.9761666666666666), (0.44433333333333336, 0.9945), (0.43066666666666664, 0.9943333333333333), (0.42833333333333334, 0.9788333333333333), (0.42833333333333334, 0.9723333333333334), (0.4305, 0.9701666666666666)]
