['mixed', (0.8255, 0.043666666666666666), (0.841, 0.036166666666666666), (0.8556666666666667, -0.00016666666666666666), (0.922, 0.0), (0.8676666666666667, 0.030833333333333334), (0.8553333333333333, 0.044833333333333336), (0.8461666666666666, 0.04816666666666667), (0.8283333333333334, 0.04683333333333333), (0.8246666666666667, 0.04533333333333334), (0.8255, 0.043666666666666666)]
['orchard', (0.37433333333333335, 0.553), (0.393, 0.5591666666666667), (0.3865, 0.5953333333333334), (0.3535, 0.5868333333333333), (0.37433333333333335, 0.553)]
['orchard', (0.39216666666666666, 0.5813333333333334), (0.4038333333333333, 0.5806666666666667), (0.4046666666666667, 0.636), (0.403, 0.6586666666666666), (0.4018333333333333, 0.6608333333333334), (0.385, 0.6586666666666666), (0.386, 0.603), (0.39016666666666666, 0.5811666666666667), (0.39216666666666666, 0.5813333333333334)]
['orchard', (0.4093333333333333, 0.579), (0.4165, 0.5821666666666667), (0.41683333333333333, 0.5865), (0.4221666666666667, 0.5886666666666667), (0.4225, 0.5911666666666666), (0.42533333333333334, 0.592), (0.4241666666666667, 0.5971666666666666), (0.42833333333333334, 0.6011666666666666), (0.4266666666666667, 0.6126666666666667), (0.42483333333333334, 0.6148333333333333), (0.407, 0.6118333333333333), (0.4076666666666667, 0.5895), (0.4093333333333333, 0.579)]
['orchard', (0.42866666666666664, 0.602), (0.4325, 0.5875), (0.4545, 0.5943333333333334), (0.4646666666666667, 0.5978333333333333), (0.46216666666666667, 0.6145), (0.45116666666666666, 0.6126666666666667), (0.42866666666666664, 0.602)]
['orchard', (0.501, 0.5985), (0.5298333333333334, 0.6028333333333333), (0.5153333333333333, 0.6951666666666667), (0.4756666666666667, 0.6955), (0.4881666666666667, 0.6456666666666667), (0.501, 0.5985)]
['orchard', (0.5973333333333334, 0.6446666666666667), (0.5758333333333333, 0.6458333333333334), (0.5668333333333333, 0.5656666666666667), (0.5788333333333333, 0.5673333333333334), (0.5823333333333334, 0.5683333333333334), (0.5923333333333334, 0.5746666666666667), (0.5956666666666667, 0.5795), (0.5995, 0.5908333333333333), (0.5996666666666667, 0.6088333333333333), (0.5973333333333334, 0.6446666666666667)]
['orchard', (0.6083333333333333, 0.5341666666666667), (0.6011666666666666, 0.5286666666666666), (0.6115, 0.517), (0.5941666666666666, 0.502), (0.6433333333333333, 0.5005), (0.6205, 0.543), (0.6138333333333333, 0.5395), (0.6083333333333333, 0.5341666666666667)]
['coniferous', (0.4673333333333333, 0.5196666666666667), (0.475, 0.5276666666666666), (0.4646666666666667, 0.5505), (0.4633333333333333, 0.5505), (0.4623333333333333, 0.5335), (0.4673333333333333, 0.5196666666666667)]
['coniferous', (0.4755, 0.5365), (0.48033333333333333, 0.5278333333333334), (0.49533333333333335, 0.5288333333333334), (0.5041666666666667, 0.5365), (0.5158333333333334, 0.538), (0.47483333333333333, 0.5378333333333334), (0.4755, 0.5365)]
['coniferous', (0.4683333333333333, 0.5518333333333333), (0.4785, 0.5465), (0.507, 0.5521666666666667), (0.5196666666666667, 0.5508333333333333), (0.525, 0.5491666666666667), (0.526, 0.5516666666666666), (0.5066666666666667, 0.5563333333333333), (0.4721666666666667, 0.5531666666666667), (0.4683333333333333, 0.5518333333333333)]
['coniferous', (0.38, 0.5256666666666666), (0.38316666666666666, 0.52), (0.39066666666666666, 0.5168333333333334), (0.3995, 0.507), (0.42, 0.5085), (0.4246666666666667, 0.5105), (0.4136666666666667, 0.5126666666666667), (0.4026666666666667, 0.5108333333333334), (0.3893333333333333, 0.5291666666666667), (0.3815, 0.526), (0.38, 0.5256666666666666)]
