['mixed', (0.545, 0.12333333333333334), (0.5425, 0.12016666666666667), (0.5453333333333333, 0.116), (0.5548333333333333, 0.114), (0.5608333333333333, 0.07483333333333334), (0.558, 0.069), (0.5395, 0.06966666666666667), (0.5143333333333333, 0.07366666666666667), (0.4915, 0.07683333333333334), (0.4846666666666667, 0.07583333333333334), (0.4805, 0.07166666666666667), (0.48183333333333334, 0.07066666666666667), (0.526, 0.06533333333333333), (0.5453333333333333, 0.0615), (0.559, 0.060833333333333336), (0.5673333333333334, 0.06416666666666666), (0.5703333333333334, 0.06766666666666667), (0.571, 0.07833333333333334), (0.5661666666666667, 0.10616666666666667), (0.5613333333333334, 0.11766666666666667), (0.5563333333333333, 0.12), (0.5551666666666667, 0.121), (0.545, 0.12333333333333334)]
['deciduous', (0.3938333333333333, 0.0995), (0.3883333333333333, 0.099), (0.396, 0.071), (0.442, 0.07066666666666667), (0.44133333333333336, 0.07816666666666666), (0.3998333333333333, 0.07683333333333334), (0.3938333333333333, 0.0995)]
['coniferous', (0.5961666666666666, 0.0665), (0.5975, 0.06116666666666667), (0.6026666666666667, 0.058333333333333334), (0.6055, 0.057), (0.6098333333333333, 0.0515), (0.6133333333333333, 0.051666666666666666), (0.6228333333333333, 0.0645), (0.5961666666666666, 0.0665)]
['mixed', (0.48033333333333333, 0.493), (0.4895, 0.4886666666666667), (0.504, 0.48966666666666664), (0.512, 0.49083333333333334), (0.5195, 0.49133333333333334), (0.5268333333333334, 0.4955), (0.5366666666666666, 0.5005), (0.5463333333333333, 0.5036666666666667), (0.5566666666666666, 0.5001666666666666), (0.5683333333333334, 0.49583333333333335), (0.5781666666666667, 0.495), (0.591, 0.49833333333333335), (0.5998333333333333, 0.504), (0.6026666666666667, 0.508), (0.6068333333333333, 0.5135), (0.5586666666666666, 0.5218333333333334), (0.5511666666666667, 0.523), (0.5385, 0.5213333333333333), (0.5351666666666667, 0.52), (0.5375, 0.5133333333333333), (0.5121666666666667, 0.5026666666666667), (0.5088333333333334, 0.5083333333333333), (0.48383333333333334, 0.4985), (0.4786666666666667, 0.49616666666666664), (0.4775, 0.49466666666666664), (0.4771666666666667, 0.49416666666666664), (0.48033333333333333, 0.493)]
['mixed', (0.8125, 0.40066666666666667), (0.7915, 0.30583333333333335), (0.7768333333333334, 0.24116666666666667), (0.7715, 0.21166666666666667), (0.7591666666666667, 0.15583333333333332), (0.7448333333333333, 0.08733333333333333), (0.739, 0.05566666666666667), (0.728, 0.00016666666666666666), (0.771, 0.0003333333333333333), (0.7606666666666667, 0.023666666666666666), (0.7485, 0.050333333333333334), (0.7465, 0.05483333333333333), (0.7493333333333333, 0.07016666666666667), (0.752, 0.07333333333333333), (0.7733333333333333, 0.17466666666666666), (0.7715, 0.17516666666666666), (0.7788333333333334, 0.204), (0.7918333333333333, 0.26216666666666666), (0.7996666666666666, 0.2971666666666667), (0.7981666666666667, 0.29733333333333334), (0.8025, 0.31683333333333336), (0.8041666666666667, 0.31733333333333336), (0.8211666666666667, 0.39966666666666667), (0.8125, 0.40066666666666667)]
['coniferous', (0.5256666666666666, 0.2786666666666667), (0.5313333333333333, 0.2791666666666667), (0.5375, 0.2846666666666667), (0.5396666666666666, 0.2895), (0.5398333333333334, 0.29283333333333333), (0.5385, 0.29633333333333334), (0.5336666666666666, 0.29733333333333334), (0.53, 0.2975), (0.5248333333333334, 0.2945), (0.5221666666666667, 0.2911666666666667), (0.5201666666666667, 0.2885), (0.5191666666666667, 0.28683333333333333), (0.5191666666666667, 0.2838333333333333), (0.5205, 0.2813333333333333), (0.5211666666666667, 0.2796666666666667), (0.5226666666666666, 0.2786666666666667), (0.5256666666666666, 0.2786666666666667)]
['coniferous', (0.568, 0.375), (0.5695, 0.36966666666666664), (0.5746666666666667, 0.36816666666666664), (0.578, 0.369), (0.5825, 0.3725), (0.584, 0.376), (0.5818333333333333, 0.382), (0.5776666666666667, 0.38466666666666666), (0.573, 0.384), (0.5688333333333333, 0.38166666666666665), (0.5673333333333334, 0.37833333333333335), (0.5673333333333334, 0.37666666666666665), (0.568, 0.375)]
['coniferous', (0.5236666666666666, 0.4295), (0.53, 0.42733333333333334), (0.5343333333333333, 0.429), (0.5376666666666666, 0.43183333333333335), (0.539, 0.43633333333333335), (0.5393333333333333, 0.43983333333333335), (0.5341666666666667, 0.4455), (0.5283333333333333, 0.44566666666666666), (0.5245, 0.44433333333333336), (0.5211666666666667, 0.44166666666666665), (0.5206666666666667, 0.43833333333333335), (0.52, 0.4355), (0.5206666666666667, 0.43316666666666664), (0.5236666666666666, 0.4295)]
['coniferous', (0.40116666666666667, 0.406), (0.405, 0.397), (0.413, 0.3983333333333333), (0.4185, 0.3975), (0.4241666666666667, 0.39866666666666667), (0.43283333333333335, 0.39716666666666667), (0.42766666666666664, 0.42583333333333334), (0.41933333333333334, 0.4225), (0.4091666666666667, 0.422), (0.4061666666666667, 0.417), (0.40166666666666667, 0.4155), (0.39966666666666667, 0.415), (0.40116666666666667, 0.406)]
['coniferous', (0.06466666666666666, 0.6781666666666667), (0.11516666666666667, 0.6618333333333334), (0.12116666666666667, 0.6668333333333333), (0.06516666666666666, 0.6845), (0.06466666666666666, 0.6781666666666667)]
