['coniferous', (0.00016666666666666666, 0.9175), (0.0, 0.9101666666666667), (0.0085, 0.9145), (0.011666666666666667, 0.923), (0.00016666666666666666, 0.9175)]
['mixed', (0.06633333333333333, 0.9495), (0.07483333333333334, 0.9476666666666667), (0.097, 0.959), (0.11616666666666667, 0.9671666666666666), (0.15633333333333332, 0.987), (0.171, 0.9935), (0.18, 0.9973333333333333), (0.19133333333333333, 0.9988333333333334), (0.20183333333333334, 1.0001666666666666), (0.17, 0.9996666666666667), (0.08833333333333333, 0.9601666666666666), (0.06633333333333333, 0.9495)]
['coniferous', (0.3878333333333333, 0.9215), (0.3885, 0.763), (0.4885, 0.7995), (0.4841666666666667, 0.8613333333333333), (0.4821666666666667, 0.9148333333333334), (0.43133333333333335, 0.9145), (0.3878333333333333, 0.9215)]
['mixed', (0.47883333333333333, 0.9933333333333333), (0.48233333333333334, 0.9163333333333333), (0.486, 0.8588333333333333), (0.49033333333333334, 0.799), (0.486, 0.7746666666666666), (0.3903333333333333, 0.7388333333333333), (0.3933333333333333, 0.5893333333333334), (0.4548333333333333, 0.5785), (0.49883333333333335, 0.568), (0.6046666666666667, 0.5618333333333333), (0.6568333333333334, 0.5588333333333333), (0.7341666666666666, 0.5525), (0.7275, 0.5726666666666667), (0.716, 0.6186666666666667), (0.7021666666666667, 0.685), (0.6861666666666667, 0.7566666666666667), (0.686, 0.7966666666666666), (0.687, 0.8321666666666667), (0.6915, 0.8461666666666666), (0.6475, 0.8311666666666667), (0.5558333333333333, 0.7998333333333333), (0.5348333333333334, 0.9158333333333334), (0.5265, 0.9601666666666666), (0.49533333333333335, 0.9986666666666667), (0.47883333333333333, 0.9933333333333333)]
['deciduous', (0.5565, 0.8008333333333333), (0.648, 0.832), (0.6451666666666667, 0.909), (0.6456666666666667, 0.9421666666666667), (0.6451666666666667, 0.9466666666666667), (0.5981666666666666, 0.9323333333333333), (0.5273333333333333, 0.9596666666666667), (0.5388333333333334, 0.8963333333333333), (0.5565, 0.8008333333333333)]
['deciduous', (0.3898333333333333, 0.7625), (0.3895, 0.7393333333333333), (0.485, 0.7748333333333334), (0.48983333333333334, 0.7995), (0.3898333333333333, 0.7625)]
['deciduous', (0.38766666666666666, 0.9218333333333333), (0.4315, 0.915), (0.482, 0.9153333333333333), (0.4785, 0.9905), (0.4175, 0.9803333333333333), (0.38666666666666666, 0.9763333333333334), (0.38766666666666666, 0.9218333333333333)]
['mixed', (0.2718333333333333, 0.2798333333333333), (0.2885, 0.284), (0.2885, 0.3075), (0.29433333333333334, 0.3398333333333333), (0.303, 0.36966666666666664), (0.30533333333333335, 0.3928333333333333), (0.2975, 0.42433333333333334), (0.2876666666666667, 0.4718333333333333), (0.2846666666666667, 0.4866666666666667), (0.2855, 0.49983333333333335), (0.2896666666666667, 0.5163333333333333), (0.2995, 0.5308333333333334), (0.32316666666666666, 0.5476666666666666), (0.36916666666666664, 0.5608333333333333), (0.39766666666666667, 0.5626666666666666), (0.4181666666666667, 0.5606666666666666), (0.4505, 0.5515), (0.47583333333333333, 0.5373333333333333), (0.48983333333333334, 0.5285), (0.5153333333333333, 0.5121666666666667), (0.5555, 0.501), (0.585, 0.49266666666666664), (0.6181666666666666, 0.4836666666666667), (0.6531666666666667, 0.475), (0.6626666666666666, 0.4756666666666667), (0.681, 0.48333333333333334), (0.6955, 0.49783333333333335), (0.7088333333333333, 0.5178333333333334), (0.7146666666666667, 0.5228333333333334), (0.7361666666666666, 0.5295), (0.751, 0.5313333333333333), (0.7508333333333334, 0.5471666666666667), (0.6358333333333334, 0.5556666666666666), (0.4866666666666667, 0.5655), (0.42733333333333334, 0.5803333333333334), (0.3973333333333333, 0.5813333333333334), (0.37233333333333335, 0.5828333333333333), (0.339, 0.5811666666666667), (0.30983333333333335, 0.5768333333333333), (0.2836666666666667, 0.5746666666666667), (0.26766666666666666, 0.5748333333333333), (0.20066666666666666, 0.58), (0.20116666666666666, 0.5763333333333334), (0.23083333333333333, 0.574), (0.2673333333333333, 0.572), (0.27, 0.4771666666666667), (0.2718333333333333, 0.2798333333333333)]
['mixed', (0.44866666666666666, 0.3403333333333333), (0.4518333333333333, 0.3323333333333333), (0.4635, 0.32), (0.48183333333333334, 0.30783333333333335), (0.4861666666666667, 0.30866666666666664), (0.498, 0.3245), (0.5165, 0.3433333333333333), (0.517, 0.35283333333333333), (0.494, 0.37216666666666665), (0.49083333333333334, 0.378), (0.485, 0.381), (0.4548333333333333, 0.3501666666666667), (0.44866666666666666, 0.3441666666666667), (0.44866666666666666, 0.3403333333333333)]
['mixed', (0.0013333333333333333, 0.5903333333333334), (0.127, 0.5816666666666667), (0.2005, 0.5761666666666667), (0.20033333333333334, 0.58), (0.07383333333333333, 0.5888333333333333), (0.0, 0.5938333333333333), (0.0013333333333333333, 0.5903333333333334)]
['mixed', (0.0003333333333333333, 0.6011666666666666), (0.0006666666666666666, 0.597), (0.085, 0.5913333333333334), (0.17316666666666666, 0.5851666666666666), (0.27166666666666667, 0.5791666666666667), (0.2705, 0.5836666666666667), (0.16566666666666666, 0.5896666666666667), (0.049, 0.5976666666666667), (0.0003333333333333333, 0.6011666666666666)]
['mixed', (0.8118333333333333, 0.5228333333333334), (0.8286666666666667, 0.5171666666666667), (0.8603333333333333, 0.5051666666666667), (0.878, 0.5096666666666667), (0.8631666666666666, 0.5283333333333333), (0.8473333333333334, 0.538), (0.8103333333333333, 0.5415), (0.8118333333333333, 0.5228333333333334)]
['coniferous', (0.8621666666666666, 0.549), (0.8628333333333333, 0.5376666666666666), (0.8866666666666667, 0.5071666666666667), (0.9026666666666666, 0.48333333333333334), (0.9151666666666667, 0.46266666666666667), (0.926, 0.4335), (0.9323333333333333, 0.3975), (0.9325, 0.37883333333333336), (0.929, 0.3446666666666667), (0.9313333333333333, 0.3448333333333333), (0.9523333333333334, 0.393), (0.9698333333333333, 0.4221666666666667), (0.9825, 0.44766666666666666), (0.9951666666666666, 0.4761666666666667), (0.9996666666666667, 0.48633333333333334), (0.9995, 0.541), (0.8621666666666666, 0.549)]
['coniferous', (0.9321666666666667, 0.3303333333333333), (0.9441666666666667, 0.30033333333333334), (0.9575, 0.24433333333333335), (0.9676666666666667, 0.1905), (0.9695, 0.15816666666666668), (0.9853333333333333, 0.16183333333333333), (0.9918333333333333, 0.18483333333333332), (0.9956666666666667, 0.206), (1.0003333333333333, 0.2065), (0.9998333333333334, 0.47483333333333333), (0.9671666666666666, 0.4063333333333333), (0.9573333333333334, 0.3915), (0.9455, 0.373), (0.9401666666666667, 0.3585), (0.9341666666666667, 0.3433333333333333), (0.9321666666666667, 0.33466666666666667), (0.9321666666666667, 0.3303333333333333)]
['coniferous', (0.8688333333333333, 0.0003333333333333333), (0.8975, -0.0003333333333333333), (0.8946666666666667, 0.011166666666666667), (0.8975, 0.0265), (0.9023333333333333, 0.03983333333333333), (0.9633333333333334, 0.08183333333333333), (0.9651666666666666, 0.08633333333333333), (0.9593333333333334, 0.12416666666666666), (0.9626666666666667, 0.128), (0.9508333333333333, 0.1325), (0.9418333333333333, 0.13283333333333333), (0.9231666666666667, 0.127), (0.9041666666666667, 0.11416666666666667), (0.8915, 0.09366666666666666), (0.8865, 0.08516666666666667), (0.8701666666666666, 0.08366666666666667), (0.8648333333333333, 0.08083333333333333), (0.851, 0.0555), (0.8393333333333334, 0.035333333333333335), (0.8545, 0.027166666666666665), (0.862, 0.0165), (0.8688333333333333, 0.0003333333333333333)]
['mixed', (0.6865, 0.07333333333333333), (0.6743333333333333, 0.057666666666666665), (0.6938333333333333, 0.04583333333333333), (0.7131666666666666, 0.03266666666666666), (0.7183333333333334, 0.05533333333333333), (0.737, 0.07633333333333334), (0.7365, 0.07916666666666666), (0.7308333333333333, 0.0815), (0.7266666666666667, 0.08583333333333333), (0.7198333333333333, 0.09516666666666666), (0.7191666666666666, 0.0975), (0.7201666666666666, 0.09883333333333333), (0.7228333333333333, 0.10616666666666667), (0.7263333333333334, 0.105), (0.7421666666666666, 0.1305), (0.7321666666666666, 0.13216666666666665), (0.7035, 0.1265), (0.699, 0.1215), (0.6885, 0.08533333333333333), (0.6865, 0.07333333333333333)]
['mixed', (0.7205, 0.023833333333333335), (0.7216666666666667, 0.028166666666666666), (0.7258333333333333, 0.033), (0.7451666666666666, 0.052833333333333336), (0.7608333333333334, 0.05616666666666666), (0.759, 0.05733333333333333), (0.7516666666666667, 0.059166666666666666), (0.7441666666666666, 0.06183333333333333), (0.7365, 0.066), (0.7281666666666666, 0.059166666666666666), (0.721, 0.044333333333333336), (0.7186666666666667, 0.030833333333333334), (0.7205, 0.023833333333333335)]
['coniferous', (0.6245, 0.19833333333333333), (0.608, 0.19966666666666666), (0.5761666666666667, 0.19333333333333333), (0.5526666666666666, 0.187), (0.49633333333333335, 0.16716666666666666), (0.459, 0.14783333333333334), (0.44816666666666666, 0.14816666666666667), (0.44033333333333335, 0.14316666666666666), (0.419, 0.12783333333333333), (0.415, 0.12483333333333334), (0.4575, 0.1), (0.49916666666666665, 0.07383333333333333), (0.5165, 0.0625), (0.5306666666666666, 0.057833333333333334), (0.5396666666666666, 0.04683333333333333), (0.5826666666666667, 0.021833333333333333), (0.603, 0.009833333333333333), (0.6193333333333333, -0.0008333333333333334), (0.7133333333333334, 0.0003333333333333333), (0.712, 0.0255), (0.712, 0.027), (0.6746666666666666, 0.052333333333333336), (0.6681666666666667, 0.05516666666666667), (0.6775, 0.0675), (0.6856666666666666, 0.07733333333333334), (0.6913333333333334, 0.107), (0.6945, 0.11633333333333333), (0.7003333333333334, 0.12616666666666668), (0.701, 0.132), (0.7005, 0.133), (0.6701666666666667, 0.13083333333333333), (0.6506666666666666, 0.13166666666666665), (0.6345, 0.132), (0.6301666666666667, 0.13216666666666665), (0.617, 0.144), (0.6065, 0.16066666666666668), (0.6245, 0.19833333333333333)]
['mixed', (0.35, 0.16583333333333333), (0.3571666666666667, 0.16116666666666668), (0.4116666666666667, 0.12666666666666668), (0.44633333333333336, 0.14983333333333335), (0.4045, 0.17783333333333334), (0.379, 0.19533333333333333), (0.35, 0.16583333333333333)]
['mixed', (0.2715, 0.271), (0.2688333333333333, 0.26916666666666667), (0.2618333333333333, 0.2675), (0.25083333333333335, 0.248), (0.2185, 0.19), (0.19066666666666668, 0.1405), (0.15383333333333332, 0.07483333333333334), (0.197, 0.08083333333333333), (0.25883333333333336, 0.088), (0.3695, 0.20233333333333334), (0.3415, 0.22033333333333333), (0.305, 0.2445), (0.2951666666666667, 0.25466666666666665), (0.291, 0.2688333333333333), (0.2715, 0.271)]
['coniferous', (0.10983333333333334, -0.00016666666666666666), (0.17333333333333334, 0.0003333333333333333), (0.26, 0.08733333333333333), (0.152, 0.0735), (0.10983333333333334, -0.00016666666666666666)]
['coniferous', (0.213, 0.022833333333333334), (0.226, 0.015), (0.22866666666666666, 0.011833333333333333), (0.23483333333333334, 0.004666666666666667), (0.2718333333333333, 0.029333333333333333), (0.2955, 0.04566666666666667), (0.276, 0.06366666666666666), (0.271, 0.0595), (0.259, 0.07066666666666667), (0.22666666666666666, 0.03783333333333333), (0.21383333333333332, 0.0245), (0.213, 0.022833333333333334)]
