['orchard', (0.11933333333333333, 0.7135), (0.16683333333333333, 0.7363333333333333), (0.1505, 0.7841666666666667), (0.14383333333333334, 0.7896666666666666), (0.12883333333333333, 0.786), (0.11766666666666667, 0.7913333333333333), (0.10316666666666667, 0.7683333333333333), (0.10233333333333333, 0.7546666666666667), (0.11233333333333333, 0.7251666666666666), (0.11933333333333333, 0.7135)]
['coniferous', (0.054, 0.7966666666666666), (0.06566666666666666, 0.7916666666666666), (0.09366666666666666, 0.812), (0.062, 0.8523333333333334), (0.061, 0.8523333333333334), (0.056, 0.8206666666666667), (0.054, 0.7966666666666666)]
['deciduous', (0.255, 0.7203333333333334), (0.287, 0.7298333333333333), (0.2936666666666667, 0.7328333333333333), (0.327, 0.7423333333333333), (0.35783333333333334, 0.752), (0.3448333333333333, 0.7755), (0.3278333333333333, 0.801), (0.33316666666666667, 0.8113333333333334), (0.349, 0.8261666666666667), (0.33266666666666667, 0.8311666666666667), (0.3225, 0.8373333333333334), (0.317, 0.8553333333333333), (0.28983333333333333, 0.8353333333333334), (0.2738333333333333, 0.8268333333333333), (0.26716666666666666, 0.8208333333333333), (0.26116666666666666, 0.8121666666666667), (0.24933333333333332, 0.804), (0.239, 0.797), (0.24433333333333335, 0.787), (0.24533333333333332, 0.7798333333333334), (0.24483333333333332, 0.764), (0.245, 0.7521666666666667), (0.24633333333333332, 0.7485), (0.25083333333333335, 0.7421666666666666), (0.25233333333333335, 0.7298333333333333), (0.25383333333333336, 0.7208333333333333), (0.255, 0.7203333333333334)]
['deciduous', (0.9415, 0.021666666666666667), (0.9565, 0.0), (0.9805, -0.00016666666666666666), (0.9786666666666667, 0.005), (0.9756666666666667, 0.008833333333333334), (0.9766666666666667, 0.010166666666666666), (0.9713333333333334, 0.02), (0.97, 0.023833333333333335), (0.9703333333333334, 0.0275), (0.9713333333333334, 0.028833333333333332), (0.9555, 0.0545), (0.9458333333333333, 0.0455), (0.9536666666666667, 0.0315), (0.9438333333333333, 0.025333333333333333), (0.9435, 0.023666666666666666), (0.9415, 0.021666666666666667)]
['orchard', (0.7943333333333333, 0.9448333333333333), (0.8348333333333333, 0.892), (0.8165, 0.88), (0.8345, 0.8558333333333333), (0.895, 0.7825), (0.9065, 0.7701666666666667), (0.9141666666666667, 0.7583333333333333), (0.9635, 0.851), (0.9266666666666666, 0.8808333333333334), (0.9095, 0.9025), (0.8781666666666667, 0.9431666666666667), (0.8488333333333333, 0.9845), (0.7943333333333333, 0.9448333333333333)]
['orchard', (0.781, 0.9991666666666666), (0.811, 0.9588333333333333), (0.8466666666666667, 0.9876666666666667), (0.8381666666666666, 0.9996666666666667), (0.78, 0.9998333333333334), (0.781, 0.9991666666666666)]
['deciduous', (0.8388333333333333, 0.9998333333333334), (0.8815, 0.9403333333333334), (0.8976666666666666, 0.9195), (0.911, 0.9021666666666667), (0.9291666666666667, 0.8795), (0.9718333333333333, 0.8458333333333333), (0.9795, 0.838), (0.9863333333333333, 0.8328333333333333), (0.9913333333333333, 0.83), (0.9993333333333333, 0.8331666666666667), (1.0003333333333333, 0.8345), (0.9995, 0.8908333333333334), (0.9855, 0.9353333333333333), (0.9698333333333333, 0.9618333333333333), (0.9475, 0.9891666666666666), (0.9385, 0.9996666666666667), (0.8388333333333333, 0.9998333333333334)]
['orchard', (0.385, 0.653), (0.39216666666666666, 0.6481666666666667), (0.414, 0.6351666666666667), (0.43083333333333335, 0.6531666666666667), (0.4048333333333333, 0.6753333333333333), (0.385, 0.653)]
['orchard', (0.4495, 0.6386666666666667), (0.4583333333333333, 0.6275), (0.4655, 0.6181666666666666), (0.48183333333333334, 0.6541666666666667), (0.4661666666666667, 0.6565), (0.455, 0.6456666666666667), (0.4493333333333333, 0.6398333333333334), (0.4495, 0.6386666666666667)]
['orchard', (0.4683333333333333, 0.6138333333333333), (0.4696666666666667, 0.6091666666666666), (0.4881666666666667, 0.6085), (0.49183333333333334, 0.6433333333333333), (0.49383333333333335, 0.652), (0.4851666666666667, 0.6533333333333333), (0.47583333333333333, 0.6298333333333334), (0.471, 0.6201666666666666), (0.4683333333333333, 0.6138333333333333)]
['mixed', (0.7193333333333334, 0.4618333333333333), (0.7216666666666667, 0.4605), (0.7295, 0.46066666666666667), (0.7393333333333333, 0.46366666666666667), (0.7481666666666666, 0.4648333333333333), (0.7668333333333334, 0.4633333333333333), (0.7851666666666667, 0.4515), (0.792, 0.4488333333333333), (0.7993333333333333, 0.44116666666666665), (0.8085, 0.44016666666666665), (0.8168333333333333, 0.43566666666666665), (0.8286666666666667, 0.4285), (0.8448333333333333, 0.4226666666666667), (0.8946666666666667, 0.3973333333333333), (0.9213333333333333, 0.3958333333333333), (0.918, 0.39966666666666667), (0.9035, 0.41583333333333333), (0.888, 0.4261666666666667), (0.8511666666666666, 0.4405), (0.8083333333333333, 0.4568333333333333), (0.7906666666666666, 0.4646666666666667), (0.7795, 0.4653333333333333), (0.7711666666666667, 0.4678333333333333), (0.7493333333333333, 0.4708333333333333), (0.728, 0.4708333333333333), (0.7193333333333334, 0.4618333333333333)]
['deciduous', (0.9648333333333333, 0.13), (0.9605, 0.12483333333333334), (0.9696666666666667, 0.10566666666666667), (0.9788333333333333, 0.09516666666666666), (0.9906666666666667, 0.10366666666666667), (1.0, 0.127), (0.9996666666666667, 0.14416666666666667), (0.9803333333333333, 0.15133333333333332), (0.9736666666666667, 0.15866666666666668), (0.9688333333333333, 0.1555), (0.9763333333333334, 0.14416666666666667), (0.9743333333333334, 0.13666666666666666), (0.972, 0.1305), (0.9673333333333334, 0.12866666666666668), (0.9648333333333333, 0.13)]
