['deciduous', (0.13633333333333333, -0.00016666666666666666), (0.43016666666666664, -0.00016666666666666666), (0.39916666666666667, 0.036166666666666666), (0.36733333333333335, 0.08833333333333333), (0.3368333333333333, 0.15716666666666668), (0.30716666666666664, 0.19516666666666665), (0.24383333333333335, 0.24316666666666667), (0.20433333333333334, 0.18533333333333332), (0.19316666666666665, 0.14266666666666666), (0.17116666666666666, 0.05), (0.13633333333333333, -0.00016666666666666666)]
['deciduous', (0.252, 0.24883333333333332), (0.28983333333333333, 0.2245), (0.32133333333333336, 0.20016666666666666), (0.3378333333333333, 0.17183333333333334), (0.39916666666666667, 0.049666666666666665), (0.44133333333333336, 0.0003333333333333333), (0.7616666666666667, 0.0), (0.7561666666666667, 0.0135), (0.742, 0.16983333333333334), (0.735, 0.21366666666666667), (0.7015, 0.2955), (0.6885, 0.3283333333333333), (0.6825, 0.35333333333333333), (0.69, 0.3868333333333333), (0.6986666666666667, 0.3993333333333333), (0.7015, 0.4065), (0.8573333333333333, 0.47883333333333333), (0.9201666666666667, 0.5116666666666667), (0.9546666666666667, 0.5445), (0.7711666666666667, 0.6428333333333334), (0.6628333333333334, 0.6861666666666667), (0.4685, 0.7633333333333333), (0.444, 0.6733333333333333), (0.42283333333333334, 0.5846666666666667), (0.4055, 0.5116666666666667), (0.3845, 0.45516666666666666), (0.324, 0.3631666666666667), (0.24933333333333332, 0.25233333333333335), (0.252, 0.24883333333333332)]
['mixed', (0.0, 0.258), (0.04083333333333333, 0.22933333333333333), (0.17566666666666667, 0.15316666666666667), (0.18016666666666667, 0.16633333333333333), (-0.0006666666666666666, 0.2718333333333333), (0.0, 0.258)]
['deciduous', (0.0005, 0.2728333333333333), (0.18083333333333335, 0.16733333333333333), (0.19, 0.19583333333333333), (0.2085, 0.22416666666666665), (0.22616666666666665, 0.25466666666666665), (0.2995, 0.35683333333333334), (0.3455, 0.4285), (0.37383333333333335, 0.4703333333333333), (0.4, 0.5515), (0.4195, 0.6526666666666666), (0.43583333333333335, 0.7081666666666667), (0.4493333333333333, 0.7585), (0.383, 0.7856666666666666), (0.216, 0.8681666666666666), (0.17533333333333334, 0.8481666666666666), (0.11416666666666667, 0.817), (0.0005, 0.7666666666666667), (0.0005, 0.2728333333333333)]
['mixed', (0.21916666666666668, 0.8713333333333333), (0.3233333333333333, 0.818), (0.42533333333333334, 0.7693333333333333), (0.4505, 0.7605), (0.4558333333333333, 0.7768333333333334), (0.3325, 0.8216666666666667), (0.2595, 0.8561666666666666), (0.22066666666666668, 0.8803333333333333), (0.21916666666666668, 0.8713333333333333)]
['deciduous', (0.0003333333333333333, 0.78), (0.1015, 0.8213333333333334), (0.1975, 0.8666666666666667), (0.21683333333333332, 0.8835), (0.19183333333333333, 0.9015), (0.1525, 0.8798333333333334), (0.06966666666666667, 0.8655), (0.023666666666666666, 0.851), (0.0, 0.8355), (0.0003333333333333333, 0.78)]
['mixed', (0.0, 0.851), (-0.00016666666666666666, 0.8361666666666666), (0.023, 0.8526666666666667), (0.05316666666666667, 0.8618333333333333), (0.07916666666666666, 0.869), (0.12883333333333333, 0.877), (0.15466666666666667, 0.8821666666666667), (0.1685, 0.8913333333333333), (0.15666666666666668, 0.893), (0.11366666666666667, 0.8845), (0.0595, 0.8781666666666667), (0.023, 0.8598333333333333), (0.0, 0.851)]
['mixed', (0.1215, 1.0), (0.114, 1.0), (0.15416666666666667, 0.9471666666666667), (0.17416666666666666, 0.919), (0.167, 0.8931666666666667), (0.18566666666666667, 0.9123333333333333), (0.1215, 1.0)]
['deciduous', (0.155, 0.9823333333333333), (0.1775, 0.9548333333333333), (0.211, 0.9068333333333334), (0.27266666666666667, 0.8656666666666667), (0.3506666666666667, 0.8311666666666667), (0.412, 0.806), (0.44816666666666666, 0.798), (0.4721666666666667, 0.8168333333333333), (0.48, 0.8226666666666667), (0.5011666666666666, 0.876), (0.5533333333333333, 1.0001666666666666), (0.26616666666666666, 0.9995), (0.17483333333333334, 0.9995), (0.155, 0.9823333333333333)]
['deciduous', (0.4781666666666667, 0.7786666666666666), (0.7606666666666667, 0.6643333333333333), (0.8498333333333333, 0.6203333333333333), (0.974, 0.5555), (1.002, 0.5865), (0.9996666666666667, 0.8736666666666667), (0.8278333333333333, 0.8436666666666667), (0.8255, 0.845), (0.6906666666666667, 0.82), (0.482, 0.783), (0.47783333333333333, 0.7813333333333333), (0.4781666666666667, 0.7786666666666666)]
['deciduous', (0.4886666666666667, 0.8013333333333333), (0.6446666666666667, 0.8286666666666667), (1.0, 0.89), (1.0006666666666666, 1.0005), (0.5736666666666667, 0.9988333333333334), (0.551, 0.9568333333333333), (0.5165, 0.871), (0.505, 0.8361666666666666), (0.4886666666666667, 0.8013333333333333)]
