['deciduous', (0.07874682472480948, -0.000846740050804403), (0.11769686706181202, -0.0006350550381033022), (0.10309060118543607, 0.0059271803556308214), (0.09356477561388654, 0.0046570702794242165), (0.07874682472480948, -0.000846740050804403)]
['deciduous', (0.17146486028789162, 0.009314140558848433), (0.17527519051651144, 0.00571549534292972), (0.18268416596104997, 0.0014817950889077054), (0.19030482641828958, -0.00021168501270110075), (0.1943268416596105, 0.0029635901778154107), (0.1977138018628281, 0.01143099068585944), (0.1977138018628281, 0.01651143099068586), (0.1945385266723116, 0.01905165114309907), (0.1898814563928874, 0.010160880609652836), (0.18839966130397967, 0.00846740050804403), (0.17146486028789162, 0.009314140558848433)]
['mixed', (0.21083827265029637, 0.07112616426756986), (0.20554614733276885, 0.051862828111769683), (0.23073666384419983, 0.05842506350550381), (0.23983911939034716, 0.06075359864521592), (0.24110922946655378, 0.06223539373412362), (0.22565622353937342, 0.06371718882303133), (0.22121083827265028, 0.06668077900084673), (0.21613039796782388, 0.06964436917866215), (0.21083827265029637, 0.07112616426756986)]
['mixed', (0.29572396274343776, 0.04932260795935648), (0.3022861981371719, 0.04000846740050804), (0.3090601185436071, 0.03196443691786621), (0.3107535986452159, 0.03069432684165961), (0.31308213378492805, 0.03175275190516511), (0.315198983911939, 0.04149026248941575), (0.31477561388653685, 0.04911092294665537), (0.3048264182895851, 0.05122777307366638), (0.29487722269263333, 0.05334462320067739), (0.29572396274343776, 0.04932260795935648)]
['deciduous', (0.4970364098221846, 0.06075359864521592), (0.4966130397967824, 0.03577476714648603), (0.5103725656223539, 0.027307366638441997), (0.520956816257409, 0.02201524132091448), (0.5279424216765453, 0.017993226079593565), (0.5306943268416596, 0.017993226079593565), (0.5444538526672311, 0.03259949195596952), (0.5342929720575783, 0.04974597798475868), (0.5243437764606266, 0.06541066892464013), (0.514817950889077, 0.07281964436917866), (0.5052921253175275, 0.07345469940728197), (0.49745977984758677, 0.07112616426756986), (0.4970364098221846, 0.06075359864521592)]
['deciduous', (0.3331922099915326, 0.29635901778154106), (0.3317104149026249, 0.28683319220999154), (0.3416596104995766, 0.27392040643522436), (0.3596528365791702, 0.26333615580016934), (0.3619813717188823, 0.260584250635055), (0.37108382726502964, 0.2595258255715495), (0.3884419983065199, 0.25254022015241323), (0.3882303132938188, 0.24618966977138018), (0.40262489415749364, 0.2286198137171888), (0.40939881456392885, 0.21951735817104148), (0.4146909398814564, 0.2180355630821338), (0.41490262489415747, 0.22375105842506351), (0.4134208298052498, 0.24089754445385267), (0.411727349703641, 0.2550804403048264), (0.4119390347163421, 0.26206604572396275), (0.4123624047417443, 0.26333615580016934), (0.37108382726502964, 0.28281117696867064), (0.3331922099915326, 0.29635901778154106)]
['mixed', (0.08954276037256562, 0.4756562235393734), (0.12701100762066045, 0.45766299745977984), (0.14690939881456394, 0.48856900931414055), (0.15050804403048265, 0.502116850127011), (0.1348433530906012, 0.5074089754445386), (0.12510584250635054, 0.5099491955969517), (0.11409822184589331, 0.5139712108382727), (0.10732430143945809, 0.5158763759525825), (0.08954276037256562, 0.4756562235393734)]
['deciduous', (0.03386960203217612, 0.2790008467400508), (0.01693480101608806, 0.2540220152413209), (0.01926333615580017, 0.252116850127011), (0.023497036409822186, 0.2533869602032176), (0.03831498729889924, 0.26481795088907706), (0.04678238780694327, 0.2669348010160881), (0.05906011854360711, 0.2673581710414903), (0.05990685859441151, 0.2679932260795936), (0.03662150719729043, 0.2798475867908552), (0.03450465707027942, 0.28005927180355633), (0.03386960203217612, 0.2790008467400508)]
['deciduous', (0.02582557154953429, 0.24534292972057578), (0.02582557154953429, 0.23793395427603725), (0.03259949195596952, 0.24110922946655378), (0.03789161727349703, 0.24301439458086369), (0.03916172734970364, 0.24428450465707027), (0.04254868755292125, 0.24788314987298898), (0.05038103302286198, 0.25084674005080443), (0.05376799322607959, 0.2504233700254022), (0.05334462320067739, 0.2527519051651143), (0.051862828111769683, 0.2557154953429297), (0.04741744284504657, 0.2574089754445385), (0.03429297205757832, 0.2529635901778154), (0.02582557154953429, 0.24534292972057578)]
['mixed', (0.06350550381033022, 0.2480948348856901), (0.06371718882303133, 0.24153259949195596), (0.07408975444538526, 0.23560541913632516), (0.10817104149026249, 0.23137171888230312), (0.1094411515664691, 0.23941574936494497), (0.07938187976291279, 0.24407281964436917), (0.06350550381033022, 0.2480948348856901)]
['mixed', (0.5389500423370025, 0.9115156646909399), (0.5611769686706182, 0.9176545300592718), (0.6232006773920407, 0.9284504657070279), (0.651354784081287, 0.9280270956816258), (0.6615156646909399, 0.9254868755292125), (0.6649026248941575, 0.9220999153259949), (0.6932684165961049, 0.9081287044877223), (0.7114733276883997, 0.8981795088907706), (0.7271380186282811, 0.8922523285351397), (0.7375105842506351, 0.8871718882303133), (0.7430143945808637, 0.9206181202370872), (0.7256562235393734, 0.9269686706181203), (0.6875529212531752, 0.9396697713801863), (0.6655376799322608, 0.9466553767993227), (0.6532599491955969, 0.9504657070279424), (0.6339966130397968, 0.9494072819644369), (0.594623200677392, 0.9430567315834039), (0.5696443691786621, 0.9445385266723116), (0.5552497883149873, 0.9451735817104149), (0.5412785774767146, 0.947502116850127), (0.5332345469940728, 0.949618966977138), (0.5226502963590178, 0.9062235393734124), (0.5389500423370025, 0.9115156646909399)]
['mixed', (0.8406011854360711, 0.9991532599491956), (0.8287468247248095, 0.9792548687552921), (0.8492802709568162, 0.9750211685012701), (0.8664267569856055, 0.9739627434377646), (0.8943691786621507, 0.970575783234547), (0.9333192209991532, 0.964225232853514), (0.9690939881456393, 0.959991532599492), (0.9741744284504658, 0.9602032176121931), (0.9900508044030483, 0.957874682472481), (0.997883149872989, 0.9589331075359865), (1.0002116850127012, 0.9987298899237934), (0.8406011854360711, 0.9991532599491956)]
['orchard', (0.09102455546147332, 0.8901354784081287), (0.0829805249788315, 0.8562658763759525), (0.10795935647756139, 0.8471634208298052), (0.11642675698560542, 0.8458933107535986), (0.12383573243014395, 0.8458933107535986), (0.12743437764606266, 0.8632514817950889), (0.13018628281117697, 0.880186282811177), (0.1107112616426757, 0.8842082980524979), (0.10520745131244708, 0.8867485182049111), (0.10393734123624047, 0.8791278577476714), (0.10097375105842506, 0.8793395427603725), (0.09589331075359865, 0.880186282811177), (0.09716342082980525, 0.8903471634208298), (0.09102455546147332, 0.8901354784081287)]
['orchard', (0.13696020321761218, 0.8418712955122777), (0.1424640135478408, 0.84038950042337), (0.1443691786621507, 0.842506350550381), (0.15728196443691786, 0.8374259102455546), (0.15897544453852666, 0.8314987298899238), (0.1649026248941575, 0.8175275190516511), (0.1682895850973751, 0.8164690939881456), (0.17929720575783234, 0.8166807790008468), (0.17993226079593566, 0.8219729043183742), (0.1926333615580017, 0.8657917019475021), (0.1435224386113463, 0.880186282811177), (0.13696020321761218, 0.8418712955122777)]
['orchard', (0.17442845046570704, 0.9779847586790855), (0.2171888230313294, 0.9648602878916173), (0.2250211685012701, 0.9913209144792549), (0.20469940728196442, 1.0002116850127012), (0.18226079593564776, 0.9993649449618967), (0.17845046570702794, 0.9879339542760373), (0.17442845046570704, 0.9779847586790855)]
['orchard', (0.14860287891617274, 0.7146486028789162), (0.1390770533446232, 0.7135901778154107), (0.1388653683319221, 0.691151566469094), (0.15283657917019475, 0.6892464013547841), (0.15304826418289585, 0.6752751905165114), (0.15876375952582558, 0.6725232853513972), (0.17485182049110923, 0.6718882303132938), (0.1718882303132938, 0.709991532599492), (0.1649026248941575, 0.7110499576629975), (0.14860287891617274, 0.7146486028789162)]
['deciduous', (0.03619813717188823, 0.03344623200677392), (0.03429297205757832, 0.03154106689246401), (0.03450465707027942, 0.029212531752751906), (0.03535139712108383, 0.026248941574936496), (0.03725656223539373, 0.024555461473327687), (0.04000846740050804, 0.024343776460626586), (0.04170194750211685, 0.02540220152413209), (0.04297205757832345, 0.026883996613039796), (0.04339542760372565, 0.0279424216765453), (0.04381879762912786, 0.030059271803556307), (0.04297205757832345, 0.03281117696867062), (0.04064352243861134, 0.03386960203217612), (0.03852667231160034, 0.03429297205757832), (0.03619813717188823, 0.03344623200677392)]
['deciduous', (0.08848433530906012, 0.0275190516511431), (0.08848433530906012, 0.02519051651143099), (0.09038950042337003, 0.02180355630821338), (0.09504657070279424, 0.017781541066892465), (0.10160880609652836, 0.01672311600338696), (0.10563082133784928, 0.017993226079593565), (0.1090177815410669, 0.023285351397121085), (0.08848433530906012, 0.0275190516511431)]
['deciduous', (0.20215918712955122, 0.04297205757832345), (0.19898391193903472, 0.03365791701947502), (0.20067739204064353, 0.03365791701947502), (0.20364098221845894, 0.03471634208298052), (0.20491109229466553, 0.03683319220999153), (0.20512277730736664, 0.03831498729889924), (0.20512277730736664, 0.03937341236240474), (0.20406435224386113, 0.04127857747671465), (0.20215918712955122, 0.04297205757832345)]
['deciduous', (0.2540220152413209, 0.006773920406435224), (0.2538103302286198, 0.0046570702794242165), (0.25423370025402203, 0.0029635901778154107), (0.25529212531752754, 0.001693480101608806), (0.25592718035563083, 0.0010584250635055038), (0.2567739204064352, 0.0006350550381033022), (0.25762066045723964, 0.0004233700254022015), (0.25825571549534293, 0.00021168501270110075), (0.25973751058425065, 0.00021168501270110075), (0.26164267569856053, 0.000846740050804403), (0.26270110076206604, 0.0023285351397121083), (0.26333615580016934, 0.003810330228619814), (0.26354784081287047, 0.00571549534292972), (0.2629127857747671, 0.007408975444538527), (0.260584250635055, 0.009102455546147333), (0.25825571549534293, 0.009737510584250635), (0.2548687552921253, 0.00825571549534293), (0.2540220152413209, 0.006773920406435224)]
['deciduous', (0.1634208298052498, 0.17633361558001692), (0.15939881456392888, 0.15685859441151567), (0.17337002540220153, 0.15410668924640136), (0.17781541066892464, 0.15410668924640136), (0.17506350550381033, 0.1642675698560542), (0.16955969517358171, 0.17485182049110923), (0.1640558848433531, 0.17929720575783234), (0.1634208298052498, 0.17633361558001692)]
['deciduous', (0.665961049957663, 0.9197713801862828), (0.6608806096528366, 0.9233700254022015), (0.6450042337002541, 0.9263336155800169), (0.6248941574936494, 0.9263336155800169), (0.5870025402201524, 0.9204064352243861), (0.5569432684165961, 0.913844199830652), (0.5226502963590178, 0.903471634208298), (0.504022015241321, 0.8977561388653683), (0.47607959356477564, 0.8918289585097375), (0.46020321761219307, 0.8888653683319221), (0.4377646062658764, 0.8744707874682472), (0.40474174428450466, 0.8660033869602032), (0.3943691786621507, 0.8624047417442845), (0.3914055884843353, 0.8473751058425063), (0.3888653683319221, 0.804614733276884), (0.38505503810330227, 0.7817527519051651), (0.3854784081287045, 0.779212531752752), (0.40029635901778154, 0.7713801862828111), (0.4754445385266723, 0.75), (0.5139712108382727, 0.7343353090601186), (0.5393734123624048, 0.72883149872989), (0.5488992379339542, 0.7298899237933955), (0.5787468247248095, 0.7925486875529213), (0.5999153259949196, 0.831922099915326), (0.6064775613886537, 0.8365791701947503), (0.6378069432684166, 0.8590177815410669), (0.6492379339542761, 0.8727773073666384), (0.655376799322608, 0.8797629127857748), (0.6602455546147333, 0.8875952582557155), (0.665961049957663, 0.9197713801862828)]
['deciduous', (0.7705334462320068, 0.6335732430143945), (0.770956816257409, 0.6284928027095682), (0.7823878069432684, 0.6263759525825572), (0.8067315834038951, 0.6619390347163421), (0.8190093141405589, 0.686917866215072), (0.825571549534293, 0.6919983065198984), (0.8331922099915327, 0.7118966977138018), (0.8414479254868755, 0.7239627434377646), (0.844411515664691, 0.7298899237933955), (0.8429297205757832, 0.7343353090601186), (0.8346740050804403, 0.7332768839966131), (0.8228196443691786, 0.7203640982218459), (0.7698983911939035, 0.6350550381033023), (0.7705334462320068, 0.6335732430143945)]
['mixed', (0.7963590177815411, 0.6456392887383573), (0.905376799322608, 0.6242591024555462), (0.9104572396274344, 0.6318797629127858), (0.9204064352243861, 0.6486028789161727), (0.9316257408975445, 0.6710414902624894), (0.9470787468247248, 0.7032176121930568), (0.9574513124470787, 0.7241744284504658), (0.9593564775613886, 0.7275613886536834), (0.9582980524978831, 0.7301016088060965), (0.9030482641828959, 0.7277730736663844), (0.8859017781541066, 0.7281964436917866), (0.8664267569856055, 0.7292548687552921), (0.8569009314140559, 0.72883149872989), (0.8509737510584251, 0.7286198137171889), (0.8433530906011855, 0.7254445385266723), (0.8433530906011855, 0.7252328535139713), (0.8389077053344624, 0.718458933107536), (0.834250635055038, 0.7129551227773073), (0.8262066045723963, 0.691151566469094), (0.8196443691786621, 0.6867061812023709), (0.8084250635055038, 0.6623624047417442), (0.7963590177815411, 0.6456392887383573)]
['deciduous', (0.842506350550381, 0.735182049110923), (0.8452582557154953, 0.7305249788314987), (0.8429297205757832, 0.7258679085520745), (0.8516088060965283, 0.7292548687552921), (0.8662150719729044, 0.7298899237933955), (0.8903471634208298, 0.7286198137171889), (0.9049534292972058, 0.7281964436917866), (0.9314140558848434, 0.7292548687552921), (0.9582980524978831, 0.7305249788314987), (0.9582980524978831, 0.7353937341236241), (0.9373412362404742, 0.7364521591871296), (0.9038950042337003, 0.7358171041490262), (0.8732006773920407, 0.7353937341236241), (0.8539373412362404, 0.7358171041490262), (0.842506350550381, 0.735182049110923)]
['deciduous', (0.06138865368331922, 0.3302286198137172), (0.06329381879762913, 0.31541066892464015), (0.09017781541066892, 0.3302286198137172), (0.06858594411515664, 0.3302286198137172), (0.06138865368331922, 0.3302286198137172)]
