['orchard', (0.02561388653683319, 0.7036409822184589), (0.021380186282811176, 0.6966553767993227), (0.02243861134631668, 0.6943268416596104), (0.03640982218458933, 0.691151566469094), (0.04911092294665537, 0.6877646062658763), (0.0556731583403895, 0.7110499576629975), (0.05927180355630821, 0.7239627434377646), (0.05990685859441151, 0.7273497036409822), (0.05419136325148179, 0.7286198137171889), (0.03429297205757832, 0.7315834038950042), (0.03196443691786621, 0.7152836579170194), (0.02561388653683319, 0.7036409822184589)]
['orchard', (0.09801016088060965, 0.7053344623200677), (0.09229466553767993, 0.6879762912785775), (0.09737510584250635, 0.6877646062658763), (0.09716342082980525, 0.6831075359864521), (0.09991532599491956, 0.6820491109229466), (0.10266723116003387, 0.6776037256562235), (0.12129551227773074, 0.6820491109229466), (0.12277730736663844, 0.7008890770533446), (0.09801016088060965, 0.7053344623200677)]
['orchard', (0.12595258255715494, 0.5728196443691786), (0.13103302286198137, 0.5590601185436072), (0.16024555461473328, 0.5700677392040644), (0.17421676545300593, 0.5772650296359018), (0.1699830651989839, 0.5950465707027942), (0.1380186282811177, 0.5939881456392887), (0.14331075359864523, 0.5795935647756139), (0.12595258255715494, 0.5728196443691786)]
['orchard', (0.2002540220152413, 0.4837002540220152), (0.20956816257408975, 0.4729043183742591), (0.21613039796782388, 0.4595681625740898), (0.2231160033869602, 0.451735817104149), (0.22883149872988992, 0.4477138018628281), (0.23116003386960204, 0.45364098221845894), (0.22734970364098223, 0.46147332768839966), (0.23899237933954276, 0.4693056731583404), (0.23052497883149872, 0.4904741744284505), (0.2190939881456393, 0.5177815410668924), (0.21443691786621508, 0.5205334462320068), (0.20723962743437765, 0.5213801862828111), (0.2002540220152413, 0.5194750211685013), (0.21210838272650295, 0.49195596951735815), (0.2002540220152413, 0.4837002540220152)]
['orchard', (0.2480948348856901, 0.4106689246401355), (0.2512701100762066, 0.4028365791701948), (0.27053344623200676, 0.37764606265876377), (0.28111769686706184, 0.3814563928873836), (0.28789161727349705, 0.38653683319221), (0.29424216765453004, 0.39352243861134634), (0.2904318374259102, 0.40601185436071124), (0.28619813717188824, 0.41320914479254867), (0.283657917019475, 0.4142675698560542), (0.2762489415749365, 0.411727349703641), (0.2480948348856901, 0.4106689246401355)]
['orchard', (0.24682472480948348, 0.3820914479254869), (0.2485182049110923, 0.35372565622353935), (0.26883996613039796, 0.35647756138865366), (0.2762489415749365, 0.35817104149026247), (0.27222692633361556, 0.36494496189669773), (0.26439458086367484, 0.37214225232853515), (0.26037256562235395, 0.37722269263336156), (0.25529212531752754, 0.3831498729889924), (0.2502116850127011, 0.384419983065199), (0.24682472480948348, 0.3820914479254869)]
['orchard', (0.18649449618966976, 0.35076206604572396), (0.17823878069432683, 0.31477561388653685), (0.20533446232006775, 0.31033022861981374), (0.21401354784081286, 0.30757832345469943), (0.2209991532599492, 0.34504657070279426), (0.18649449618966976, 0.35076206604572396)]
['orchard', (0.15220152413209145, 0.3099068585944115), (0.13209144792548688, 0.26079593564775616), (0.17887383573243015, 0.2472480948348857), (0.1898814563928874, 0.24428450465707027), (0.193268416596105, 0.2533869602032176), (0.18585944115156647, 0.2555038103302286), (0.18734123624047416, 0.260584250635055), (0.189034716342083, 0.2601608806096528), (0.19093988145639287, 0.26354784081287047), (0.1930567315834039, 0.26947502116850125), (0.20279424216765454, 0.26481795088907706), (0.21189669771380187, 0.26185436071126167), (0.2188823031329382, 0.2842929720575783), (0.21634208298052499, 0.29868755292125315), (0.197502116850127, 0.304614733276884), (0.15220152413209145, 0.3099068585944115)]
['orchard', (0.2220575783234547, 0.25931414055884844), (0.21697713801862828, 0.23751058425063507), (0.22756138865368333, 0.23708721422523285), (0.2483065198983912, 0.23814563928873836), (0.25825571549534293, 0.23708721422523285), (0.260584250635055, 0.2497883149872989), (0.25994919559695173, 0.2538103302286198), (0.2220575783234547, 0.25931414055884844)]
['orchard', (0.28979678238780693, 0.2548687552921253), (0.2993226079593565, 0.24174428450465707), (0.3033446232006774, 0.23624047417442845), (0.31668077900084673, 0.23602878916172734), (0.31583403895004236, 0.26333615580016934), (0.3016511430990686, 0.26185436071126167), (0.2972057578323455, 0.26333615580016934), (0.28979678238780693, 0.2548687552921253)]
['orchard', (0.22459779847586792, 0.15558848433530906), (0.2218458933107536, 0.13272650296359018), (0.23433530906011854, 0.13166807790008467), (0.2571972904318374, 0.12912785774767147), (0.25656223539373413, 0.1397121083827265), (0.25931414055884844, 0.14627434377646062), (0.2601608806096528, 0.15071972904318373), (0.22459779847586792, 0.15558848433530906)]
['mixed', (0.6430990685859441, 0.48052497883149875), (0.6486028789161727, 0.48327688399661306), (0.6384419983065199, 0.4959779847586791), (0.6392887383573242, 0.52307366638442), (0.6424640135478408, 0.5643522438611346), (0.6443691786621507, 0.5687976291278577), (0.6418289585097375, 0.5738780694326842), (0.6447925486875529, 0.5800169348010161), (0.6505080440304827, 0.5870025402201524), (0.6538950042337003, 0.5908128704487722), (0.6600338696020321, 0.5992802709568162), (0.6704064352243861, 0.6206604572396275), (0.6818374259102455, 0.6551651143099069), (0.6854360711261642, 0.6771803556308214), (0.6877646062658763, 0.7284081287044877), (0.68077900084674, 0.729043183742591), (0.6790855207451313, 0.7152836579170194), (0.6773920406435224, 0.680567315834039), (0.6771803556308214, 0.6655376799322608), (0.6727349703640982, 0.6528365791701948), (0.6661727349703641, 0.6293395427603725), (0.6625740897544454, 0.6221422523285352), (0.6505080440304827, 0.6007620660457239), (0.6382303132938189, 0.5732430143945809), (0.6312447078746825, 0.5474174428450466), (0.6280694326841659, 0.5262489415749365), (0.6293395427603725, 0.5031752751905165), (0.6430990685859441, 0.48052497883149875)]
['mixed', (0.9297205757832345, 0.7453429297205758), (0.9231583403895004, 0.7408975444538527), (0.9343776460626587, 0.7197290431837426), (0.9449618966977138, 0.7076629974597799), (0.9527942421676545, 0.6991955969517358), (0.9618966977138018, 0.6871295512277731), (0.9665537679932261, 0.6892464013547841), (0.9498306519898391, 0.7138018628281118), (0.9297205757832345, 0.7453429297205758)]
['mixed', (0.9644369178662151, 0.632303132938188), (0.9582980524978831, 0.6316680779000847), (0.958086367485182, 0.6081710414902625), (0.9597798475867908, 0.5889077053344624), (0.9587214225232854, 0.5827688399661304), (0.9678238780694327, 0.5690093141405589), (0.974809483488569, 0.5594834885690093), (0.9798899237933955, 0.5544030482641829), (0.9839119390347163, 0.5406435224386114), (0.9900508044030483, 0.5275190516511431), (0.9932260795935648, 0.516934801016088), (0.9925910245554614, 0.5099491955969517), (0.9953429297205758, 0.5074089754445386), (0.9991532599491956, 0.5044453852667231), (0.9989415749364945, 0.5160880609652837), (0.9900508044030483, 0.5349280270956817), (0.9798899237933955, 0.5560965283657917), (0.974809483488569, 0.5677392040643523), (0.968458933107536, 0.5791701947502117), (0.9659187129551228, 0.5874259102455546), (0.9646486028789162, 0.59038950042337), (0.9635901778154107, 0.6001270110076207), (0.9633784928027096, 0.6054191363251482), (0.9644369178662151, 0.632303132938188)]
