['deciduous', (0.0006350550381033022, 0.6852243861134631), (0.0021168501270110076, 0.6005503810330228), (0.10584250635055038, 0.5901778154106689), (0.1401354784081287, 0.571337849280271), (0.14944961896697714, 0.569432684165961), (0.1685012701100762, 0.5753598645215918), (0.1085944115156647, 0.6634208298052497), (0.0863674851820491, 0.68077900084674), (0.0827688399661304, 0.6837425910245555), (0.0021168501270110076, 0.6873412362404742), (0.0006350550381033022, 0.6852243861134631)]
['deciduous', (0.10118543607112616, 0.6858594411515665), (0.16892464013547842, 0.5893310753598645), (0.18141405588484336, 0.5702794242167655), (0.21761219305673157, 0.5309060118543607), (0.25, 0.5270956816257409), (0.17337002540220153, 0.6261642675698561), (0.15558848433530906, 0.6509314140558848), (0.1380186282811177, 0.6803556308213379), (0.1331498729889924, 0.6898814563928873), (0.10118543607112616, 0.6858594411515665)]
['deciduous', (0.2201524132091448, 0.5256138865368332), (0.2741320914479255, 0.4690939881456393), (0.338272650296359, 0.43247248094834884), (0.3522438611346317, 0.39902624894157496), (0.3585944115156647, 0.3585944115156647), (0.3562658763759526, 0.3363674851820491), (0.35076206604572396, 0.3168924640135478), (0.3899237933954276, 0.2978408128704488), (0.43416596104995764, 0.29106689246401357), (0.4701524132091448, 0.28895004233700256), (0.518839966130398, 0.25867908552074514), (0.537891617273497, 0.23581710414902624), (0.5910245554614734, 0.18437764606265877), (0.617485182049111, 0.1606689246401355), (0.6462743437764606, 0.1947502116850127), (0.6674428450465707, 0.2174005080440305), (0.6771803556308214, 0.26820491109229466), (0.6917866215071973, 0.3477984758679086), (0.6985605419136325, 0.3956392887383573), (0.6977138018628282, 0.4229466553767993), (0.6881879762912786, 0.4479254868755292), (0.6682895850973751, 0.48179508890770534), (0.6433107535986452, 0.5069856054191363), (0.6248941574936494, 0.520956816257409), (0.592506350550381, 0.5328111769686706), (0.5387383573243014, 0.537891617273497), (0.4921676545300593, 0.5328111769686706), (0.37447078746824725, 0.5298475867908552), (0.3257832345469941, 0.5194750211685013), (0.28683319220999154, 0.520956816257409), (0.2201524132091448, 0.5256138865368332)]
['deciduous', (0.451735817104149, 0.997883149872989), (0.4752328535139712, 0.9561812023708721), (0.4970364098221846, 0.9358594411515665), (0.5029635901778154, 0.9572396274343776), (0.5035986452159187, 0.9680355630821338), (0.5019051651143099, 0.9796782387806944), (0.4985182049110923, 0.9885690093141406), (0.4925910245554615, 0.9966130397967824), (0.48962743437764605, 0.9985182049110923), (0.451735817104149, 0.997883149872989)]
['mixed', (0.5059271803556308, 0.9256985605419137), (0.5677392040643523, 0.859441151566469), (0.6111346316680779, 0.8099068585944115), (0.6731583403895004, 0.7385690093141406), (0.6917866215071973, 0.7489415749364945), (0.6941151566469094, 0.7559271803556308), (0.6915749364944962, 0.7646062658763759), (0.6475444538526672, 0.8162574089754445), (0.6049957662997459, 0.865580016934801), (0.567104149026249, 0.9064352243861135), (0.5457239627434378, 0.9237933954276037), (0.535774767146486, 0.9316257408975445), (0.5234970364098221, 0.9322607959356477), (0.5150296359017782, 0.9318374259102455), (0.5059271803556308, 0.9256985605419137)]
['mixed', (0.9153259949195597, 0.9995766299745978), (0.9371295512277731, 0.9765029635901779), (0.9515241320914479, 0.9676121930567316), (0.9646486028789162, 0.9610499576629975), (0.9784081287044877, 0.9551227773073666), (0.9993649449618967, 0.9415749364944962), (0.9997883149872989, 0.9980948348856901), (0.9153259949195597, 0.9995766299745978)]
['deciduous', (0.7212108382726503, 0.6833192209991532), (0.7817527519051651, 0.6090177815410669), (0.8526672311600338, 0.5175698560541914), (0.8683319220999153, 0.5453005927180355), (0.8685436071126165, 0.5518628281117697), (0.8653683319220999, 0.5584250635055038), (0.8429297205757832, 0.5878492802709568), (0.798264182895851, 0.6388653683319221), (0.756350550381033, 0.686917866215072), (0.7444961896697714, 0.6983488569009314), (0.7408975444538527, 0.7002540220152413), (0.7212108382726503, 0.6833192209991532)]
['mixed', (0.8590177815410669, 0.5099491955969517), (0.9430567315834039, 0.40749364944961897), (0.9993649449618967, 0.34187129551227774), (0.9985182049110923, 0.40241320914479256), (0.9676121930567316, 0.4449618966977138), (0.9182895850973751, 0.5046570702794242), (0.8914055884843353, 0.5313293818797629), (0.8852667231160034, 0.5340812870448772), (0.8814563928873835, 0.5338696020321761), (0.8784928027095682, 0.5330228619813717), (0.8744707874682472, 0.531541066892464), (0.8590177815410669, 0.5099491955969517)]
['deciduous', (0.8878069432684166, 0.3956392887383573), (0.8892887383573242, 0.38653683319221), (0.892887383573243, 0.3787044877222693), (0.8994496189669772, 0.3746824724809483), (0.9079170194750211, 0.3736240474174429), (0.9176545300592718, 0.37764606265876377), (0.9216765453005927, 0.3827265029635902), (0.9237933954276037, 0.39246401354784083), (0.9237933954276037, 0.3994496189669771), (0.9212531752751905, 0.4045300592718036), (0.9163844199830652, 0.4079170194750212), (0.9087637595258256, 0.40961049957663), (0.8988145639288738, 0.4089754445385267), (0.8909822184589331, 0.4045300592718036), (0.8878069432684166, 0.3956392887383573)]
['deciduous', (0.7400508044030483, 0.5002116850127011), (0.7480948348856901, 0.4951312447078747), (0.7548687552921253, 0.4944961896697714), (0.7599491955969517, 0.4972480948348857), (0.7643945808636748, 0.5046570702794242), (0.7643945808636748, 0.5120660457239627), (0.7624894157493649, 0.5156646909398814), (0.7559271803556308, 0.5179932260795935), (0.7504233700254022, 0.5194750211685013), (0.745977984758679, 0.519051651143099), (0.7415325994919559, 0.5165114309906859), (0.7389923793395428, 0.5129127857747672), (0.7364521591871296, 0.5069856054191363), (0.7400508044030483, 0.5002116850127011)]
['deciduous', (0.8262066045723963, 0.42485182049110926), (0.8245131244707875, 0.4185012701100762), (0.8264182895850973, 0.40707027942421675), (0.8348856900931414, 0.39860287891617274), (0.8408128704487722, 0.3943691786621507), (0.8482218458933107, 0.39521591871295514), (0.8581710414902625, 0.4005080440304826), (0.8666384419983065, 0.4136325148179509), (0.867485182049111, 0.418077900084674), (0.8660033869602032, 0.42569856054191363), (0.861346316680779, 0.43226079593564776), (0.8520321761219306, 0.4377646062658764), (0.8452582557154953, 0.43966977138018626), (0.8370025402201524, 0.43839966130397967), (0.8308636748518204, 0.43331922099915327), (0.8283234546994073, 0.43099068585944117), (0.8262066045723963, 0.42485182049110926)]
['orchard', (0.8132938187976291, 0.12108382726502964), (0.8223962743437765, 0.1102878916172735), (0.8391193903471634, 0.12235393734123624), (0.8323454699407282, 0.13336155800169347), (0.8198560541913632, 0.12616426756985605), (0.8132938187976291, 0.12108382726502964)]
