['mixed', (0.21783333333333332, 0.9978333333333333), (0.21983333333333333, 0.9695), (0.2255, 0.9491666666666667), (0.2265, 0.9251666666666667), (0.23116666666666666, 0.9125), (0.2375, 0.8938333333333334), (0.24283333333333335, 0.8803333333333333), (0.24783333333333332, 0.904), (0.24433333333333335, 0.9131666666666667), (0.236, 0.9226666666666666), (0.23283333333333334, 0.9325), (0.2255, 0.9611666666666666), (0.22866666666666666, 0.9775), (0.22833333333333333, 0.99), (0.22883333333333333, 0.9993333333333333), (0.21783333333333332, 0.9978333333333333)]
['coniferous', (0.25483333333333336, 0.9991666666666666), (0.25933333333333336, 0.9935), (0.2793333333333333, 0.99), (0.2871666666666667, 0.9913333333333333), (0.2895, 0.9955), (0.28633333333333333, 0.9983333333333333), (0.25483333333333336, 0.9991666666666666)]
['mixed', (0.246, 0.7308333333333333), (0.25116666666666665, 0.7026666666666667), (0.2643333333333333, 0.6938333333333333), (0.2723333333333333, 0.6848333333333333), (0.2818333333333333, 0.6745), (0.28683333333333333, 0.6701666666666667), (0.288, 0.6841666666666667), (0.2881666666666667, 0.687), (0.27516666666666667, 0.6981666666666667), (0.27166666666666667, 0.6976666666666667), (0.26566666666666666, 0.7136666666666667), (0.2635, 0.7171666666666666), (0.246, 0.7308333333333333)]
['deciduous', (0.8775, 0.44133333333333336), (0.8708333333333333, 0.44583333333333336), (0.8701666666666666, 0.453), (0.8635, 0.4525), (0.8691666666666666, 0.42583333333333334), (0.8756666666666667, 0.4061666666666667), (0.876, 0.395), (0.8806666666666667, 0.39666666666666667), (0.8813333333333333, 0.3983333333333333), (0.8825, 0.4195), (0.8818333333333334, 0.42816666666666664), (0.8775, 0.44133333333333336)]
['coniferous', (0.3365, 0.1405), (0.3355, 0.13266666666666665), (0.3333333333333333, 0.12116666666666667), (0.33316666666666667, 0.11233333333333333), (0.3278333333333333, 0.10216666666666667), (0.3285, 0.08983333333333333), (0.3268333333333333, 0.08233333333333333), (0.33016666666666666, 0.0795), (0.33566666666666667, 0.069), (0.3385, 0.058), (0.3385, 0.04516666666666667), (0.3378333333333333, 0.03716666666666667), (0.3335, 0.029333333333333333), (0.3303333333333333, 0.022166666666666668), (0.32266666666666666, 0.003), (0.3315, 0.015833333333333335), (0.3378333333333333, 0.029833333333333333), (0.3451666666666667, 0.04083333333333333), (0.35333333333333333, 0.0505), (0.36733333333333335, 0.06683333333333333), (0.37483333333333335, 0.07033333333333333), (0.3735, 0.0815), (0.3725, 0.0875), (0.37333333333333335, 0.09966666666666667), (0.3735, 0.10616666666666667), (0.3715, 0.119), (0.369, 0.12666666666666668), (0.36916666666666664, 0.13616666666666666), (0.36933333333333335, 0.14216666666666666), (0.3606666666666667, 0.13966666666666666), (0.3525, 0.13483333333333333), (0.3428333333333333, 0.132), (0.3365, 0.1405)]
['deciduous', (0.3273333333333333, -0.0006666666666666666), (0.3495, -0.00016666666666666666), (0.357, 0.016), (0.3631666666666667, 0.019666666666666666), (0.3626666666666667, 0.033666666666666664), (0.37916666666666665, 0.0605), (0.36616666666666664, 0.05383333333333333), (0.3471666666666667, 0.035666666666666666), (0.3416666666666667, 0.0255), (0.3273333333333333, -0.0006666666666666666)]
['mixed', (0.2955, 0.0033333333333333335), (0.2796666666666667, 0.016833333333333332), (0.26, 0.03283333333333333), (0.25066666666666665, 0.033166666666666664), (0.23283333333333334, 0.025666666666666667), (0.24933333333333332, 0.016833333333333332), (0.21166666666666667, 0.013333333333333334), (0.17416666666666666, 0.011166666666666667), (0.14516666666666667, 0.012), (0.10833333333333334, 0.019166666666666665), (0.055, 0.025), (0.0006666666666666666, 0.0275), (-0.00016666666666666666, -0.0003333333333333333), (0.16333333333333333, -0.0006666666666666666), (0.23183333333333334, -0.0008333333333333334), (0.29033333333333333, -0.001), (0.2981666666666667, -0.0006666666666666666), (0.2955, 0.0033333333333333335)]
['deciduous', (0.8163333333333334, 0.19416666666666665), (0.8241666666666667, 0.18016666666666667), (0.8315, 0.17533333333333334), (0.841, 0.16983333333333334), (0.847, 0.16433333333333333), (0.8553333333333333, 0.157), (0.862, 0.16016666666666668), (0.8576666666666667, 0.172), (0.848, 0.192), (0.8358333333333333, 0.21033333333333334), (0.8196666666666667, 0.22616666666666665), (0.8171666666666667, 0.2295), (0.8166666666666667, 0.24083333333333334), (0.8251666666666667, 0.266), (0.826, 0.2818333333333333), (0.8266666666666667, 0.2935), (0.8233333333333334, 0.29683333333333334), (0.819, 0.2715), (0.8138333333333333, 0.25716666666666665), (0.8108333333333333, 0.24016666666666667), (0.809, 0.22766666666666666), (0.8065, 0.21283333333333335), (0.8068333333333333, 0.207), (0.8111666666666667, 0.20333333333333334), (0.8163333333333334, 0.19416666666666665)]
['mixed', (0.31966666666666665, 0.235), (0.33916666666666667, 0.23466666666666666), (0.3395, 0.241), (0.3355, 0.24633333333333332), (0.3313333333333333, 0.24766666666666667), (0.3303333333333333, 0.2495), (0.3278333333333333, 0.2595), (0.3275, 0.26316666666666666), (0.3303333333333333, 0.2738333333333333), (0.32916666666666666, 0.2791666666666667), (0.32816666666666666, 0.2793333333333333), (0.3225, 0.2668333333333333), (0.31783333333333336, 0.25733333333333336), (0.31633333333333336, 0.25566666666666665), (0.3145, 0.25016666666666665), (0.316, 0.249), (0.31566666666666665, 0.24166666666666667), (0.3175, 0.23716666666666666), (0.31966666666666665, 0.235)]
['mixed', (0.3373333333333333, 0.2866666666666667), (0.3461666666666667, 0.2866666666666667), (0.35033333333333333, 0.311), (0.3433333333333333, 0.31333333333333335), (0.3486666666666667, 0.3401666666666667), (0.3525, 0.36), (0.3468333333333333, 0.3595), (0.33816666666666667, 0.31433333333333335), (0.3368333333333333, 0.29933333333333334), (0.337, 0.2886666666666667), (0.3373333333333333, 0.2866666666666667)]
['mixed', (0.33816666666666667, 0.043666666666666666), (0.3383333333333333, 0.058), (0.3335, 0.072), (0.3298333333333333, 0.07883333333333334), (0.3265, 0.0825), (0.32666666666666666, 0.08583333333333333), (0.3278333333333333, 0.0925), (0.3273333333333333, 0.1015), (0.3325, 0.112), (0.33216666666666667, 0.1145), (0.33216666666666667, 0.11416666666666667), (0.329, 0.11733333333333333), (0.3248333333333333, 0.11883333333333333), (0.324, 0.1115), (0.32066666666666666, 0.09516666666666666), (0.3195, 0.09316666666666666), (0.31966666666666665, 0.0785), (0.3215, 0.0715), (0.3265, 0.06316666666666666), (0.3333333333333333, 0.051666666666666666), (0.33816666666666667, 0.043666666666666666)]
