['orchard', (0.3420829805249788, 0.08044030482641829), (0.3638865368331922, 0.01735817104149026), (0.3909822184589331, 0.01629974597798476), (0.4062235393734124, 0.01629974597798476), (0.38060965283657916, 0.09292972057578323), (0.3552074513124471, 0.0850973751058425), (0.3420829805249788, 0.08044030482641829)]
['deciduous', (-0.00021168501270110075, 0.9396697713801863), (0.0006350550381033022, 0.8848433530906011), (0.005080440304826418, 0.8759525825571549), (0.023497036409822186, 0.8317104149026249), (0.04551227773073666, 0.775190516511431), (0.07133784928027095, 0.7131668077900085), (0.0850973751058425, 0.7085097375105842), (0.15897544453852666, 0.6771803556308214), (0.19369178662150718, 0.6634208298052497), (0.19369178662150718, 0.6568585944115156), (0.22798475867908552, 0.6388653683319221), (0.270956816257409, 0.6149449618966977), (0.3410245554614733, 0.5791701947502117), (0.4068585944115157, 0.5586367485182049), (0.4079170194750212, 0.5821337849280271), (0.37108382726502964, 0.5920829805249789), (0.3240897544453853, 0.6104995766299746), (0.2944538526672312, 0.6274343776460627), (0.2775190516511431, 0.63653683319221), (0.25910245554614736, 0.6479678238780694), (0.23645215918712956, 0.6676545300592718), (0.21380186282811178, 0.6792972057578324), (0.19961896697713802, 0.6845893310753599), (0.17040643522438612, 0.6926333615580017), (0.1339966130397968, 0.7114733276883997), (0.09610499576629974, 0.7275613886536834), (0.09123624047417443, 0.7353937341236241), (0.0823454699407282, 0.7504233700254022), (0.07514817950889077, 0.7698983911939035), (0.06392887383573242, 0.7963590177815411), (0.05927180355630821, 0.8056731583403896), (0.03238780694326842, 0.8609229466553768), (0.0279424216765453, 0.8727773073666384), (0.017993226079593565, 0.8911939034716342), (0.018416596104995766, 0.8992379339542761), (0.012489415749364945, 0.9123624047417442), (-0.00021168501270110075, 0.9396697713801863)]
['orchard', (0.5717612193056731, 0.7214225232853514), (0.5277307366638442, 0.7180355630821338), (0.5313293818797629, 0.6549534292972058), (0.5759949195596952, 0.6562235393734124), (0.5717612193056731, 0.7214225232853514)]
['deciduous', (0.45808636748518206, 0.5707027942421676), (0.45999153259949194, 0.5486875529212532), (0.5179932260795935, 0.5467823878069432), (0.594623200677392, 0.5563082133784928), (0.6536833192209992, 0.5711261642675699), (0.7224809483488569, 0.5939881456392887), (0.7548687552921253, 0.6054191363251482), (0.7781541066892464, 0.6153683319220999), (0.79614733276884, 0.6181202370872142), (0.8245131244707875, 0.6200254022015241), (0.8359441151566469, 0.6215071972904318), (0.8488569009314141, 0.6244707874682472), (0.8602878916172735, 0.6333615580016935), (0.8683319220999153, 0.6583403895004234), (0.8704487722269263, 0.6704064352243861), (0.8494919559695173, 0.6790855207451313), (0.8395427603725656, 0.6439458086367486), (0.8185859441151566, 0.6443691786621507), (0.7781541066892464, 0.6414055884843353), (0.7544453852667231, 0.632514817950889), (0.7102032176121931, 0.6149449618966977), (0.6528365791701948, 0.5956816257408976), (0.5886960203217613, 0.5787468247248095), (0.5531329381879763, 0.5715495342929721), (0.5364098221845893, 0.5707027942421676), (0.4657070279424217, 0.5715495342929721), (0.45808636748518206, 0.5707027942421676)]
['deciduous', (0.8564775613886537, 0.6922099915325995), (0.8767993226079593, 0.6860711261642676), (0.9062235393734124, 0.7798475867908552), (0.8842082980524979, 0.785774767146486), (0.8549957662997459, 0.6926333615580017), (0.8564775613886537, 0.6922099915325995)]
['deciduous', (0.9127857747671465, 0.9237933954276037), (0.928662150719729, 0.90961049957663), (0.9335309060118544, 0.9058001693480101), (0.9386113463166808, 0.9987298899237934), (0.9176545300592718, 1.0004233700254022), (0.9127857747671465, 0.9237933954276037)]
['deciduous', (0.2574089754445385, 0.20745131244707873), (0.2703217612193057, 0.21126164267569855), (0.277307366638442, 0.21464860287891618), (0.2796359017781541, 0.2174005080440305), (0.2762489415749365, 0.21867061812023708), (0.27159187129551227, 0.2188823031329382), (0.26883996613039796, 0.2171888230313294), (0.26545300592718035, 0.21232006773920406), (0.2578323454699407, 0.21041490262489415), (0.2574089754445385, 0.20745131244707873)]
['deciduous', (0.2578323454699407, 0.46994072819644367), (0.25973751058425065, 0.46274343776460625), (0.3111769686706181, 0.4809483488569009), (0.2904318374259102, 0.5431837425910245), (0.2849280270956816, 0.5383149872988993), (0.3016511430990686, 0.48391193903471635), (0.2578323454699407, 0.46994072819644367)]
['coniferous', (0.46083827265029637, 0.45088907705334463), (0.46062658763759523, 0.4403048264182896), (0.4674005080440305, 0.4413632514817951), (0.4707874682472481, 0.4434801016088061), (0.4707874682472481, 0.4483488569009314), (0.470575783234547, 0.451735817104149), (0.4686706181202371, 0.45364098221845894), (0.46168501270110074, 0.45406435224386116), (0.46020321761219307, 0.45385266723116), (0.46083827265029637, 0.45088907705334463)]
['deciduous', (0.1670194750211685, 0.2180355630821338), (0.18734123624047416, 0.14415749364944963), (0.19115156646909398, 0.14479254868755292), (0.16977138018628282, 0.2199407281964437), (0.1670194750211685, 0.2180355630821338)]
['deciduous', (0.14627434377646062, 0.18458933107535985), (0.1426756985605419, 0.18395427603725656), (0.1409822184589331, 0.17696867061812024), (0.14712108382726502, 0.17379339542760372), (0.14966130397967825, 0.17781541066892464), (0.14839119390347164, 0.18289585097375105), (0.14627434377646062, 0.18458933107535985)]
