['coniferous', (0.247, 0.3438333333333333), (0.24566666666666667, 0.31933333333333336), (0.25933333333333336, 0.31833333333333336), (0.3035, 0.31583333333333335), (0.35983333333333334, 0.3095), (0.42133333333333334, 0.30516666666666664), (0.4585, 0.30633333333333335), (0.4186666666666667, 0.3418333333333333), (0.3561666666666667, 0.3463333333333333), (0.24833333333333332, 0.35033333333333333), (0.247, 0.3438333333333333)]
['mixed', (0.09316666666666666, 0.5701666666666667), (0.09333333333333334, 0.5448333333333333), (0.09583333333333334, 0.5453333333333333), (0.099, 0.536), (0.1245, 0.5371666666666667), (0.1345, 0.5435), (0.12966666666666668, 0.5505), (0.1275, 0.5573333333333333), (0.13566666666666666, 0.5598333333333333), (0.1355, 0.568), (0.126, 0.5681666666666667), (0.09733333333333333, 0.5706666666666667), (0.09316666666666666, 0.5701666666666667)]
['mixed', (-0.002, 0.6873333333333334), (0.020833333333333332, 0.6888333333333333), (0.04566666666666667, 0.6866666666666666), (0.04933333333333333, 0.7125), (0.06266666666666666, 0.7585), (0.06216666666666667, 0.767), (0.019166666666666665, 0.7731666666666667), (-0.002, 0.6873333333333334)]
['mixed', (0.08416666666666667, 0.9996666666666667), (0.08733333333333333, 0.9761666666666666), (0.11, 0.9805), (0.12483333333333334, 0.9885), (0.13433333333333333, 0.9926666666666667), (0.17866666666666667, 0.9981666666666666), (0.21283333333333335, 0.9985), (0.21583333333333332, 0.9996666666666667), (0.11333333333333333, 0.9993333333333333), (0.08416666666666667, 0.9996666666666667)]
['mixed', (0.19883333333333333, 0.9956666666666667), (0.2055, 0.9701666666666666), (0.22016666666666668, 0.9651666666666666), (0.2235, 0.968), (0.24233333333333335, 0.9865), (0.30083333333333334, 0.9658333333333333), (0.30733333333333335, 0.9483333333333334), (0.31383333333333335, 0.9385), (0.3258333333333333, 0.9343333333333333), (0.33716666666666667, 0.9391666666666667), (0.35383333333333333, 0.9533333333333334), (0.3605, 0.9543333333333334), (0.3945, 0.9518333333333333), (0.39616666666666667, 0.945), (0.3988333333333333, 0.9433333333333334), (0.4065, 0.9375), (0.4088333333333333, 0.9566666666666667), (0.25633333333333336, 0.9963333333333333), (0.25316666666666665, 0.9995), (0.21616666666666667, 0.9995), (0.2135, 0.9978333333333333), (0.19733333333333333, 0.9978333333333333), (0.19883333333333333, 0.9956666666666667)]
['mixed', (0.4165, 0.9963333333333333), (0.47583333333333333, 0.9801666666666666), (0.5015, 0.9713333333333334), (0.5236666666666666, 0.9688333333333333), (0.5211666666666667, 0.9765), (0.5111666666666667, 0.984), (0.44616666666666666, 0.9996666666666667), (0.41533333333333333, 0.9996666666666667), (0.4165, 0.9963333333333333)]
['mixed', (0.549, 0.42783333333333334), (0.58, 0.4241666666666667), (0.5891666666666666, 0.5098333333333334), (0.5603333333333333, 0.513), (0.5486666666666666, 0.4775), (0.5476666666666666, 0.4518333333333333), (0.549, 0.42783333333333334)]
['orchard', (0.5903333333333334, 0.44183333333333336), (0.6328333333333334, 0.438), (0.6373333333333333, 0.4533333333333333), (0.5918333333333333, 0.4583333333333333), (0.5903333333333334, 0.44183333333333336)]
['deciduous', (0.6826666666666666, 0.31966666666666665), (0.6846666666666666, 0.32183333333333336), (0.6868333333333333, 0.3243333333333333), (0.6911666666666667, 0.3348333333333333), (0.6978333333333333, 0.343), (0.6945, 0.3571666666666667), (0.6885, 0.378), (0.6861666666666667, 0.37883333333333336), (0.681, 0.4025), (0.6656666666666666, 0.394), (0.6723333333333333, 0.3898333333333333), (0.6778333333333333, 0.38416666666666666), (0.68, 0.3765), (0.6841666666666667, 0.36183333333333334), (0.6881666666666667, 0.346), (0.6886666666666666, 0.3375), (0.6786666666666666, 0.3333333333333333), (0.6775, 0.329), (0.6786666666666666, 0.3175), (0.6826666666666666, 0.31966666666666665)]
['mixed', (0.24416666666666667, 0.3145), (0.24866666666666667, 0.37316666666666665), (0.2415, 0.37316666666666665), (0.2415, 0.36733333333333335), (0.23533333333333334, 0.3385), (0.231, 0.31833333333333336), (0.22816666666666666, 0.2955), (0.218, 0.2295), (0.21433333333333332, 0.20183333333333334), (0.21233333333333335, 0.17783333333333334), (0.21933333333333332, 0.17683333333333334), (0.21983333333333333, 0.1645), (0.221, 0.1155), (0.22066666666666668, 0.1085), (0.21833333333333332, 0.10583333333333333), (0.21833333333333332, 0.09816666666666667), (0.22283333333333333, 0.0805), (0.22533333333333333, 0.043333333333333335), (0.2235, 0.017166666666666667), (0.22066666666666668, -0.0021666666666666666), (0.2435, -0.0021666666666666666), (0.23933333333333334, 0.0415), (0.243, 0.08366666666666667), (0.23383333333333334, 0.12233333333333334), (0.232, 0.13983333333333334), (0.2265, 0.18366666666666667), (0.2265, 0.201), (0.239, 0.25616666666666665), (0.24666666666666667, 0.29333333333333333), (0.24866666666666667, 0.31216666666666665), (0.24416666666666667, 0.3145)]
['mixed', (0.0635, 0.5636666666666666), (0.0835, 0.5501666666666667), (0.087, 0.589), (0.059666666666666666, 0.6266666666666667), (0.06666666666666667, 0.662), (0.0, 0.6653333333333333), (0.0003333333333333333, 0.5636666666666666), (0.024, 0.5496666666666666), (0.035, 0.56), (0.04783333333333333, 0.5656666666666667), (0.0635, 0.5636666666666666)]
['deciduous', (0.6906666666666667, 0.32366666666666666), (0.6876666666666666, 0.32366666666666666), (0.6766666666666666, 0.2976666666666667), (0.6696666666666666, 0.2861666666666667), (0.6646666666666666, 0.2801666666666667), (0.658, 0.2745), (0.6646666666666666, 0.2685), (0.6715, 0.2758333333333333), (0.6805, 0.291), (0.6855, 0.3011666666666667), (0.6878333333333333, 0.31116666666666665), (0.6906666666666667, 0.32366666666666666)]
['deciduous', (0.615, 0.15466666666666667), (0.6168333333333333, 0.14883333333333335), (0.6448333333333334, 0.17066666666666666), (0.6406666666666667, 0.17516666666666666), (0.6325, 0.1695), (0.6235, 0.16416666666666666), (0.6158333333333333, 0.15716666666666668), (0.615, 0.15466666666666667)]
['mixed', (0.6468333333333334, 0.189), (0.658, 0.18016666666666667), (0.6728333333333333, 0.19666666666666666), (0.675, 0.20083333333333334), (0.6736666666666666, 0.222), (0.6708333333333333, 0.222), (0.6723333333333333, 0.2455), (0.6698333333333333, 0.25183333333333335), (0.6593333333333333, 0.25233333333333335), (0.6576666666666666, 0.24816666666666667), (0.6556666666666666, 0.23466666666666666), (0.6591666666666667, 0.21633333333333332), (0.6613333333333333, 0.21266666666666667), (0.6623333333333333, 0.20883333333333334), (0.6583333333333333, 0.20283333333333334), (0.6468333333333334, 0.189)]
