['mixed', (0.8687552921253175, -0.0014817950889077054), (0.9762912785774767, -0.000846740050804403), (0.945385266723116, 0.03048264182895851), (0.9436917866215072, 0.03302286198137172), (0.9432684165961049, 0.03598645215918713), (0.9256985605419137, 0.04932260795935648), (0.9149026248941575, 0.0565198983911939), (0.907493649449619, 0.05800169348010161), (0.8996613039796783, 0.06054191363251482), (0.8814563928873835, 0.02286198137171888), (0.8687552921253175, -0.0014817950889077054)]
['coniferous', (0.9403048264182896, 0.05143945808636748), (0.9419983065198984, 0.04424216765453006), (0.9455969517358171, 0.04022015241320914), (0.9735393734123624, 0.06117696867061812), (0.957874682472481, 0.07620660457239628), (0.9430567315834039, 0.057366638441998304), (0.9407281964436918, 0.05440304826418289), (0.9403048264182896, 0.05143945808636748)]
['orchard', (0.3287468247248095, 0.9424216765453006), (0.34525825571549534, 0.9358594411515665), (0.34906858594411516, 0.957874682472481), (0.33065198983911936, 0.9631668077900085), (0.3287468247248095, 0.9424216765453006)]
['orchard', (0.4189246401354784, 0.865580016934801), (0.445385266723116, 0.8480101608806097), (0.46274343776460625, 0.869602032176122), (0.4477138018628281, 0.8795512277730737), (0.4303556308213379, 0.8882303132938189), (0.4189246401354784, 0.865580016934801)]
['orchard', (0.5010584250635055, 0.882303132938188), (0.5325994919559696, 0.8683319220999153), (0.5374682472480948, 0.8882303132938189), (0.5463590177815411, 0.8852667231160034), (0.5486875529212532, 0.8903471634208298), (0.5690093141405589, 0.9682472480948349), (0.5721845893310754, 0.9866638441998307), (0.5577900084674005, 0.9864521591871296), (0.5522861981371718, 0.955969517358171), (0.5414902624894158, 0.9532176121930568), (0.540008467400508, 0.9472904318374259), (0.5328111769686706, 0.9449618966977138), (0.518839966130398, 0.9491955969517358), (0.5152413209144793, 0.9502540220152413), (0.5156646909398814, 0.951735817104149), (0.5055038103302286, 0.9555461473327689), (0.4985182049110923, 0.9574513124470787), (0.49237933954276036, 0.9409398814563928), (0.4911092294665538, 0.9345893310753599), (0.48962743437764605, 0.926545300592718), (0.4837002540220152, 0.9163844199830652), (0.4779847586790855, 0.9060118543607113), (0.4959779847586791, 0.8992379339542761), (0.5038103302286198, 0.8958509737510584), (0.4993649449618967, 0.8837849280270956), (0.5010584250635055, 0.882303132938188)]
['orchard', (0.5304826418289585, 0.8463166807790008), (0.5649872988992379, 0.8304403048264183), (0.5709144792548687, 0.8522438611346317), (0.5726079593564776, 0.8583827265029635), (0.5804403048264183, 0.8651566469093989), (0.5453005927180355, 0.8784928027095682), (0.5347163420829806, 0.8535139712108383), (0.5304826418289585, 0.8463166807790008)]
['orchard', (0.48962743437764605, 0.8547840812870449), (0.4762912785774767, 0.8363674851820491), (0.4697290431837426, 0.8257832345469941), (0.4722692633361558, 0.8137171888230313), (0.4765029635901778, 0.8039796782387807), (0.4739627434377646, 0.7895850973751058), (0.4925910245554615, 0.7743437764606266), (0.506350550381033, 0.7633361558001693), (0.5097375105842507, 0.7610076206604572), (0.5135478408128704, 0.7607959356477562), (0.5203217612193056, 0.7555038103302286), (0.5491109229466554, 0.7317950889077053), (0.5618120237087214, 0.7231160033869602), (0.5709144792548687, 0.7154953429297206), (0.5768416596104996, 0.7102032176121931), (0.5975867908552075, 0.7652413209144793), (0.5759949195596952, 0.7749788314987299), (0.5779000846740051, 0.7813293818797629), (0.5715495342929721, 0.7842929720575783), (0.5810753598645216, 0.8092718035563082), (0.5590601185436072, 0.8185859441151566), (0.5541913632514818, 0.8058848433530906), (0.554614733276884, 0.8033446232006773), (0.5537679932260796, 0.8012277730736664), (0.5493226079593565, 0.7931837425910245), (0.541913632514818, 0.7969940728196444), (0.5349280270956817, 0.7830228619813717), (0.5203217612193056, 0.7868331922099915), (0.5122777307366638, 0.7908552074513124), (0.5122777307366638, 0.7965707027942421), (0.514817950889077, 0.8035563082133785), (0.5232853513971211, 0.8223962743437765), (0.5279424216765453, 0.834038950042337), (0.48962743437764605, 0.8547840812870449)]
['orchard', (0.5950465707027942, 0.8484335309060118), (0.6227773073666384, 0.8370025402201524), (0.6229889923793396, 0.8399661303979679), (0.6382303132938189, 0.882303132938188), (0.607112616426757, 0.8937341236240475), (0.5950465707027942, 0.8484335309060118)]
['orchard', (0.640770533446232, 0.8630397967823878), (0.6676545300592718, 0.8471634208298052), (0.6962320067739204, 0.8302286198137172), (0.7015241320914479, 0.8264182895850973), (0.7129551227773073, 0.8569009314140559), (0.7159187129551228, 0.865580016934801), (0.7186706181202371, 0.8793395427603725), (0.6627857747671465, 0.9036833192209992), (0.6585520745131245, 0.9049534292972058), (0.6477561388653683, 0.8808213378492803), (0.640770533446232, 0.8630397967823878)]
['orchard', (0.6926333615580017, 0.7910668924640135), (0.7053344623200677, 0.7872565622353938), (0.7085097375105842, 0.7866215071972904), (0.708086367485182, 0.7804826418289585), (0.7193056731583404, 0.7770956816257409), (0.7233276883996613, 0.7902201524132092), (0.7271380186282811, 0.7889500423370025), (0.7317950889077053, 0.8037679932260796), (0.7070279424216765, 0.8135055038103303), (0.7008890770533446, 0.8156223539373413), (0.6926333615580017, 0.7910668924640135)]
['orchard', (0.6441574936494496, 0.7811176968670618), (0.642675698560542, 0.7764606265876376), (0.6547417442845047, 0.7707451312447079), (0.6475444538526672, 0.7432260795935648), (0.6799322607959356, 0.7353937341236241), (0.6737933954276037, 0.7157070279424217), (0.7002540220152413, 0.7055461473327689), (0.7157070279424217, 0.7544453852667231), (0.6837425910245555, 0.7629127857747672), (0.6710414902624894, 0.7679932260795935), (0.6693480101608806, 0.768839966130398), (0.6706181202370872, 0.7715918712955123), (0.6447925486875529, 0.7817527519051651), (0.6441574936494496, 0.7811176968670618)]
['orchard', (0.5793818797629128, 0.6833192209991532), (0.6274343776460627, 0.6706181202370872), (0.630186282811177, 0.6790855207451313), (0.6130397967823878, 0.6860711261642676), (0.6151566469093989, 0.6924216765453006), (0.5848856900931414, 0.70385266723116), (0.5793818797629128, 0.6833192209991532)]
