['coniferous', (0.8803333333333333, 0.15966666666666668), (0.8911666666666667, 0.15816666666666668), (0.905, 0.155), (0.9251666666666667, 0.14866666666666667), (0.962, 0.14766666666666667), (0.9608333333333333, 0.12433333333333334), (0.9655, 0.1265), (0.9673333333333334, 0.12966666666666668), (0.972, 0.13216666666666665), (0.9798333333333333, 0.133), (0.9858333333333333, 0.13333333333333333), (0.9923333333333333, 0.13666666666666666), (0.9995, 0.13866666666666666), (0.9996666666666667, 0.193), (0.9893333333333333, 0.19266666666666668), (0.9663333333333334, 0.19516666666666665), (0.9433333333333334, 0.19116666666666668), (0.9265, 0.19516666666666665), (0.884, 0.2085), (0.8803333333333333, 0.15966666666666668)]
['orchard', (0.8103333333333333, 0.6683333333333333), (0.8203333333333334, 0.6381666666666667), (0.8425, 0.6451666666666667), (0.843, 0.6483333333333333), (0.8335, 0.6801666666666667), (0.8088333333333333, 0.6706666666666666), (0.8103333333333333, 0.6683333333333333)]
['deciduous', (0.767, 0.626), (0.7575, 0.6121666666666666), (0.7808333333333334, 0.5785), (0.787, 0.5815), (0.7936666666666666, 0.5826666666666667), (0.7908333333333334, 0.5898333333333333), (0.7806666666666666, 0.6065), (0.767, 0.626)]
['deciduous', (0.7831666666666667, 0.6325), (0.7913333333333333, 0.6193333333333333), (0.7861666666666667, 0.616), (0.7911666666666667, 0.6066666666666667), (0.8103333333333333, 0.5776666666666667), (0.815, 0.5723333333333334), (0.8193333333333334, 0.5716666666666667), (0.7863333333333333, 0.6341666666666667), (0.7831666666666667, 0.6325)]
['mixed', (0.5083333333333333, 0.9268333333333333), (0.5088333333333334, 0.9166666666666666), (0.5088333333333334, 0.9106666666666666), (0.5066666666666667, 0.9056666666666666), (0.5073333333333333, 0.9036666666666666), (0.5276666666666666, 0.909), (0.5235, 0.9438333333333333), (0.5186666666666667, 0.943), (0.5138333333333334, 0.938), (0.5103333333333333, 0.9338333333333333), (0.5083333333333333, 0.9268333333333333)]
['mixed', (0.17533333333333334, 0.9991666666666666), (0.18816666666666668, 0.9753333333333334), (0.20433333333333334, 0.9536666666666667), (0.218, 0.9385), (0.23483333333333334, 0.9243333333333333), (0.26116666666666666, 0.9056666666666666), (0.2935, 0.883), (0.29833333333333334, 0.8796666666666667), (0.3135, 0.9143333333333333), (0.2791666666666667, 0.9305), (0.265, 0.937), (0.23516666666666666, 0.9615), (0.219, 0.9785), (0.21166666666666667, 0.9903333333333333), (0.2065, 0.999), (0.17533333333333334, 0.9991666666666666)]
['deciduous', (0.0005, 0.7375), (0.005833333333333334, 0.7326666666666667), (0.01633333333333333, 0.731), (0.018333333333333333, 0.7331666666666666), (0.018666666666666668, 0.7366666666666667), (0.017833333333333333, 0.7605), (0.0175, 0.7681666666666667), (0.028, 0.7793333333333333), (0.034166666666666665, 0.778), (0.04416666666666667, 0.7753333333333333), (0.053, 0.7728333333333334), (0.06216666666666667, 0.7706666666666667), (0.07866666666666666, 0.757), (0.0845, 0.7421666666666666), (0.08416666666666667, 0.731), (0.08433333333333333, 0.7223333333333334), (0.0855, 0.7153333333333334), (0.09, 0.7156666666666667), (0.09183333333333334, 0.7183333333333334), (0.0955, 0.7258333333333333), (0.09983333333333333, 0.7436666666666667), (0.10433333333333333, 0.7546666666666667), (0.103, 0.7725), (0.1015, 0.7783333333333333), (0.10033333333333333, 0.7806666666666666), (0.098, 0.7823333333333333), (0.09283333333333334, 0.7833333333333333), (0.08866666666666667, 0.7838333333333334), (0.084, 0.7875), (0.08033333333333334, 0.7903333333333333), (0.07683333333333334, 0.7918333333333333), (0.072, 0.7928333333333333), (0.06133333333333333, 0.7925), (0.05433333333333333, 0.7976666666666666), (0.04533333333333334, 0.8015), (0.041, 0.8026666666666666), (0.024166666666666666, 0.7946666666666666), (0.0, 0.784), (0.0005, 0.7375)]
['deciduous', (0.12566666666666668, 0.466), (0.12116666666666667, 0.46066666666666667), (0.11983333333333333, 0.44383333333333336), (0.12383333333333334, 0.427), (0.1365, 0.4101666666666667), (0.15316666666666667, 0.4023333333333333), (0.17483333333333334, 0.3983333333333333), (0.17983333333333335, 0.3973333333333333), (0.18516666666666667, 0.4008333333333333), (0.16983333333333334, 0.4085), (0.1555, 0.414), (0.1475, 0.4201666666666667), (0.13866666666666666, 0.42883333333333334), (0.13516666666666666, 0.436), (0.13133333333333333, 0.441), (0.1315, 0.445), (0.13183333333333333, 0.456), (0.13216666666666665, 0.46166666666666667), (0.13216666666666665, 0.463), (0.13083333333333333, 0.4671666666666667), (0.12983333333333333, 0.469), (0.12566666666666668, 0.466)]
['deciduous', (0.6931666666666667, 0.6446666666666667), (0.6968333333333333, 0.639), (0.7025, 0.6423333333333333), (0.6986666666666667, 0.6475), (0.6931666666666667, 0.6446666666666667)]
['deciduous', (0.661, 0.6926666666666667), (0.664, 0.6873333333333334), (0.6701666666666667, 0.6913333333333334), (0.6665, 0.6965), (0.6611666666666667, 0.6935), (0.661, 0.6926666666666667)]
['coniferous', (0.925, 0.14833333333333334), (0.9043333333333333, 0.15483333333333332), (0.8918333333333334, 0.15783333333333333), (0.8803333333333333, 0.1595), (0.8793333333333333, 0.1555), (0.8691666666666666, 0.029), (0.867, -0.00016666666666666666), (0.9506666666666667, 0.0), (0.9598333333333333, 0.121), (0.9605, 0.12816666666666668), (0.9615, 0.1475), (0.925, 0.14833333333333334)]
['deciduous', (0.7533333333333333, 0.6728333333333333), (0.7496666666666667, 0.6745), (0.7541666666666667, 0.6651666666666667), (0.7605, 0.6541666666666667), (0.7675, 0.645), (0.7746666666666666, 0.6371666666666667), (0.7773333333333333, 0.6366666666666667), (0.7671666666666667, 0.6508333333333334), (0.7623333333333333, 0.6578333333333334), (0.7598333333333334, 0.6628333333333334), (0.7533333333333333, 0.6728333333333333)]
['orchard', (0.7303333333333333, 0.8138333333333333), (0.7558333333333334, 0.817), (0.7698333333333334, 0.8198333333333333), (0.7695, 0.8228333333333333), (0.7691666666666667, 0.8255), (0.7698333333333334, 0.8276666666666667), (0.7728333333333334, 0.8305), (0.7756666666666666, 0.8316666666666667), (0.776, 0.8323333333333334), (0.772, 0.8433333333333334), (0.748, 0.8375), (0.7265, 0.834), (0.7303333333333333, 0.8138333333333333)]
