['orchard', (0.004233700254022015, 0.32281964436917865), (0.0012701100762066045, 0.3086367485182049), (0.0014817950889077054, 0.29974597798475866), (0.030059271803556307, 0.28958509737510585), (0.06054191363251482, 0.2796359017781541), (0.09250635055038103, 0.26926333615580017), (0.09652836579170194, 0.29403048264182896), (0.026037256562235395, 0.31583403895004236), (0.004233700254022015, 0.32281964436917865)]
['orchard', (0.006562235393734124, 0.32324301439458086), (0.05948348856900931, 0.3058848433530906), (0.06265876375952582, 0.31583403895004236), (0.06964436917866215, 0.3522438611346317), (0.014817950889077053, 0.36663844199830653), (0.006562235393734124, 0.32324301439458086)]
['orchard', (0.11325148179508891, 0.2756138865368332), (0.11939034716342083, 0.27328535139712107), (0.11769686706181202, 0.2601608806096528), (0.15537679932260795, 0.25359864521591874), (0.15982218458933106, 0.2796359017781541), (0.11727349703640982, 0.2876799322607959), (0.11325148179508891, 0.2756138865368332)]
['orchard', (0.15728196443691786, 0.3808213378492803), (0.15283657917019475, 0.3638865368331922), (0.15241320914479256, 0.35817104149026247), (0.15325994919559696, 0.3552074513124471), (0.17485182049110923, 0.34970364098221846), (0.1926333615580017, 0.34822184589331073), (0.19093988145639287, 0.35245554614733277), (0.1917866215071973, 0.3596528365791702), (0.1977138018628281, 0.3808213378492803), (0.1926333615580017, 0.38230313293818796), (0.18395427603725656, 0.38293818797629126), (0.16977138018628282, 0.38166807790008467), (0.15918712955122777, 0.38399661303979676), (0.15728196443691786, 0.3808213378492803)]
['deciduous', (0.015453005927180356, 0.4417866215071973), (0.010160880609652836, 0.4028365791701948), (0.010160880609652836, 0.39182895850973753), (0.015664690939881456, 0.3892887383573243), (0.023285351397121085, 0.4409398814563929), (0.015453005927180356, 0.4417866215071973)]
['orchard', (0.17337002540220153, 0.5635055038103303), (0.17231160033869602, 0.5455122777307366), (0.1649026248941575, 0.5222269263336156), (0.1632091447925487, 0.5112193056731583), (0.17866215071972905, 0.5006350550381033), (0.2449195596951736, 0.4837002540220152), (0.2707451312447079, 0.47883149872988995), (0.29487722269263333, 0.4729043183742591), (0.3033446232006774, 0.5370448772226927), (0.27222692633361556, 0.5450889077053345), (0.23010160880609654, 0.5529212531752752), (0.1896697713801863, 0.5624470787468248), (0.17337002540220153, 0.5635055038103303)]
['orchard', (0.17379339542760372, 0.5766299745977985), (0.17337002540220153, 0.5660457239627434), (0.1930567315834039, 0.5622353937341237), (0.21359017781541068, 0.5573666384419983), (0.23878069432684165, 0.5522861981371718), (0.25635055038103305, 0.5488992379339542), (0.2571972904318374, 0.5626587637595258), (0.2538103302286198, 0.5643522438611346), (0.24005080440304827, 0.5675275190516511), (0.2229043183742591, 0.5721845893310754), (0.21083827265029637, 0.5759949195596952), (0.20258255715495344, 0.5783234546994073), (0.1966553767993226, 0.5789585097375106), (0.17379339542760372, 0.5766299745977985)]
['deciduous', (0.17950889077053345, 0.6069009314140559), (0.17591024555461474, 0.5920829805249789), (0.1945385266723116, 0.6026672311600338), (0.17950889077053345, 0.6069009314140559)]
['orchard', (0.05270956816257409, 0.5683742591024555), (0.04847586790855207, 0.5306943268416596), (0.09060118543607112, 0.52116850127011), (0.11812023708721422, 0.5162997459779848), (0.12637595258255716, 0.5529212531752752), (0.06922099915325995, 0.5668924640135479), (0.05376799322607959, 0.5702794242167655), (0.05270956816257409, 0.5683742591024555)]
['orchard', (0.0556731583403895, 0.5931414055884844), (0.05292125317527519, 0.5723962743437765), (0.12616426756985605, 0.5544030482641829), (0.13145639288738356, 0.5747248094834886), (0.0556731583403895, 0.5931414055884844)]
['orchard', (0.7301016088060965, 0.9993649449618967), (0.7307366638441999, 0.9822184589331076), (0.7726502963590178, 0.9834885690093141), (0.7726502963590178, 0.9995766299745978), (0.7301016088060965, 0.9993649449618967)]
['orchard', (0.6831075359864521, 0.7578323454699407), (0.6862828111769687, 0.6987722269263336), (0.7008890770533446, 0.7015241320914479), (0.7006773920406435, 0.7586790855207451), (0.6831075359864521, 0.7578323454699407)]
['orchard', (0.6524132091447925, 0.3916172734970364), (0.6524132091447925, 0.371930567315834), (0.6841659610499576, 0.37108382726502964), (0.6839542760372566, 0.3890770533446232), (0.6615156646909399, 0.3914055884843353), (0.6524132091447925, 0.3916172734970364)]
['orchard', (0.2830228619813717, 0.7279847586790855), (0.34038950042337, 0.7203640982218459), (0.34335309060118546, 0.7497883149872989), (0.3257832345469941, 0.7514817950889077), (0.28619813717188824, 0.7474597798475868), (0.2830228619813717, 0.7279847586790855)]
['orchard', (0.6858594411515665, 0.8837849280270956), (0.7131668077900085, 0.8856900931414056), (0.712108382726503, 0.9015664690939882), (0.686917866215072, 0.9015664690939882), (0.6858594411515665, 0.8837849280270956)]
