['deciduous', (0.09758679085520745, 0.15749364944961897), (0.09779847586790855, 0.15283657917019475), (0.14775613886536834, 0.138653683319221), (0.15516511430990687, 0.1378069432684166), (0.15601185436071127, 0.14204064352243861), (0.12955122777307368, 0.14987298899237933), (0.10520745131244708, 0.15601185436071127), (0.09801016088060965, 0.15749364944961897), (0.09758679085520745, 0.15749364944961897)]
['orchard', (0.6788738357324301, 0.17591024555461474), (0.6691363251481796, 0.15749364944961897), (0.6754868755292125, 0.15029635901778154), (0.6695596951735817, 0.13420829805249787), (0.6735817104149027, 0.12933954276037257), (0.6746401354784082, 0.12425910245554615), (0.6706181202370872, 0.11748518204911092), (0.7104149026248942, 0.09271803556308214), (0.7245977984758679, 0.12129551227773074), (0.7315834038950042, 0.13463166807790009), (0.7317950889077053, 0.1392887383573243), (0.731160033869602, 0.14309906858594412), (0.7294665537679932, 0.14690939881456394), (0.6972904318374259, 0.165961049957663), (0.6788738357324301, 0.17591024555461474)]
['deciduous', (0.6509314140558848, 0.08573243014394581), (0.674428450465707, 0.07027942421676546), (0.6903048264182896, 0.09885690093141405), (0.6704064352243861, 0.1109229466553768), (0.6551651143099069, 0.11833192209991533), (0.6392887383573242, 0.1126164267569856), (0.6359017781541066, 0.10605419136325148), (0.63653683319221, 0.09949195596951736), (0.6373835732430144, 0.09568162574089754), (0.6509314140558848, 0.08573243014394581)]
['deciduous', (0.6788738357324301, 0.06922099915325995), (0.6886113463166808, 0.06371718882303133), (0.7032176121930568, 0.09038950042337003), (0.6928450465707028, 0.09589331075359865), (0.6780270956816258, 0.07049110922946655), (0.6788738357324301, 0.06922099915325995)]
['mixed', (0.6399237933954276, -0.00021168501270110075), (0.6441574936494496, -0.000846740050804403), (0.6809906858594411, 0.06287044877222693), (0.676545300592718, 0.06456392887383573), (0.6471210838272651, 0.013336155800169348), (0.6399237933954276, -0.00021168501270110075)]
['mixed', (0.5666807790008468, 0.0275190516511431), (0.560965283657917, 0.01735817104149026), (0.5867908552074513, -0.0006350550381033022), (0.6128281117696867, -0.0006350550381033022), (0.5679508890770534, 0.028789161727349702), (0.5666807790008468, 0.0275190516511431)]
['deciduous', (0.5872142252328535, 0.0831922099915326), (0.5821337849280271, 0.08657917019475021), (0.5603302286198137, 0.05059271803556308), (0.5660457239627434, 0.04657070279424217), (0.5855207451312447, 0.08128704487722269), (0.5872142252328535, 0.0831922099915326)]
['deciduous', (0.5770533446232007, 0.08827265029635901), (0.5707027942421676, 0.09187129551227773), (0.5474174428450466, 0.05397967823878069), (0.5529212531752752, 0.04953429297205758), (0.5770533446232007, 0.08827265029635901)]
['mixed', (0.5465707027942421, 0.04868755292125317), (0.5311176968670618, 0.05863674851820491), (0.5268839966130398, 0.06287044877222693), (0.5010584250635055, 0.0855207451312447), (0.48052497883149875, 0.10097375105842506), (0.474809483488569, 0.0867908552074513), (0.4970364098221846, 0.07133784928027095), (0.5141828958509738, 0.0571549534292972), (0.5328111769686706, 0.03810330228619814), (0.5431837425910245, 0.03873835732430144), (0.5465707027942421, 0.04868755292125317)]
['deciduous', (0.5065622353937341, 0.1354784081287045), (0.4928027095681626, 0.1426756985605419), (0.4720575783234547, 0.10668924640135478), (0.48729889923793396, 0.09822184589331075), (0.5065622353937341, 0.1354784081287045)]
['mixed', (0.466342082980525, 0.08996613039796783), (0.4729043183742591, 0.10330228619813717), (0.4419983065198984, 0.12298899237933954), (0.46210838272650295, 0.19093988145639287), (0.4737510584250635, 0.23073666384419983), (0.4837002540220152, 0.26418289585097376), (0.4932260795935648, 0.2984758679085521), (0.4995766299745978, 0.3069432684165961), (0.49237933954276036, 0.3096951735817104), (0.48158340389500426, 0.2743437764606266), (0.4707874682472481, 0.24047417442845045), (0.43268416596104997, 0.1096528365791702), (0.466342082980525, 0.08996613039796783)]
['mixed', (0.5019051651143099, 0.14902624894157493), (0.5086790855207451, 0.1615156646909399), (0.5057154953429297, 0.1623624047417443), (0.4983065198983912, 0.1670194750211685), (0.49576629974597797, 0.17209991532599492), (0.4976714648602879, 0.18035563082133785), (0.5097375105842507, 0.20131244707874682), (0.5241320914479255, 0.2260795935647756), (0.5317527519051651, 0.24216765453005928), (0.5381033022861982, 0.2480948348856901), (0.5444538526672311, 0.252116850127011), (0.5548264182895851, 0.2544453852667231), (0.5552497883149873, 0.25762066045723964), (0.5514394580863675, 0.26164267569856053), (0.5431837425910245, 0.2595258255715495), (0.5370448772226927, 0.2561388653683319), (0.5313293818797629, 0.24703640982218458), (0.5270956816257409, 0.23962743437764605), (0.4972480948348857, 0.1905165114309907), (0.4911092294665538, 0.17823878069432683), (0.48962743437764605, 0.1699830651989839), (0.4953429297205758, 0.15304826418289585), (0.5019051651143099, 0.14902624894157493)]
['mixed', (0.5408552074513124, 0.28386960203217615), (0.535774767146486, 0.2669348010160881), (0.535774767146486, 0.26375952582557155), (0.5472057578323455, 0.2662997459779848), (0.5541913632514818, 0.2673581710414903), (0.5573666384419983, 0.2686282811176969), (0.5582133784928027, 0.2718035563082134), (0.5580016934801016, 0.2737087214225233), (0.5552497883149873, 0.2768839966130398), (0.5499576629974597, 0.279424216765453), (0.5408552074513124, 0.28386960203217615)]
