['mixed', (0.2795, 0.5075), (0.2825, 0.506), (0.31, 0.5373333333333333), (0.32216666666666666, 0.556), (0.3413333333333333, 0.583), (0.37, 0.6128333333333333), (0.38266666666666665, 0.6205), (0.39216666666666666, 0.6231666666666666), (0.38966666666666666, 0.6506666666666666), (0.3453333333333333, 0.5998333333333333), (0.32033333333333336, 0.563), (0.3015, 0.5355), (0.2795, 0.5075)]
['deciduous', (0.431, 0.5338333333333334), (0.4221666666666667, 0.557), (0.41483333333333333, 0.567), (0.4145, 0.5813333333333334), (0.417, 0.6123333333333333), (0.4093333333333333, 0.6118333333333333), (0.4045, 0.603), (0.40116666666666667, 0.5871666666666666), (0.40116666666666667, 0.561), (0.4141666666666667, 0.5393333333333333), (0.41333333333333333, 0.5265), (0.4245, 0.5271666666666667), (0.431, 0.5338333333333334)]
['deciduous', (0.4025, 0.7201666666666666), (0.398, 0.6825), (0.38966666666666666, 0.6575), (0.4116666666666667, 0.6796666666666666), (0.43116666666666664, 0.701), (0.439, 0.7186666666666667), (0.44116666666666665, 0.723), (0.439, 0.7351666666666666), (0.44483333333333336, 0.7411666666666666), (0.4618333333333333, 0.7835), (0.4655, 0.7975), (0.4771666666666667, 0.807), (0.48683333333333334, 0.8325), (0.48783333333333334, 0.852), (0.478, 0.8721666666666666), (0.4761666666666667, 0.8836666666666667), (0.47583333333333333, 0.895), (0.4795, 0.9053333333333333), (0.479, 0.9065), (0.471, 0.9031666666666667), (0.467, 0.899), (0.4628333333333333, 0.8621666666666666), (0.4595, 0.8228333333333333), (0.4588333333333333, 0.8128333333333333), (0.44333333333333336, 0.7856666666666666), (0.44366666666666665, 0.7771666666666667), (0.43016666666666664, 0.758), (0.42833333333333334, 0.7466666666666667), (0.42866666666666664, 0.7396666666666667), (0.4275, 0.7345), (0.4025, 0.7226666666666667), (0.4025, 0.7201666666666666)]
['deciduous', (0.5335, 0.748), (0.5328333333333334, 0.7093333333333334), (0.5608333333333333, 0.749), (0.5685, 0.7586666666666667), (0.5696666666666667, 0.7623333333333333), (0.5493333333333333, 0.7523333333333333), (0.5423333333333333, 0.7486666666666667), (0.5335, 0.748)]
['deciduous', (0.5436666666666666, 0.7995), (0.5583333333333333, 0.795), (0.5601666666666667, 0.8013333333333333), (0.561, 0.8056666666666666), (0.5595, 0.8193333333333334), (0.5536666666666666, 0.8306666666666667), (0.5491666666666667, 0.8348333333333333), (0.5443333333333333, 0.827), (0.5406666666666666, 0.8181666666666667), (0.5436666666666666, 0.7995)]
['deciduous', (0.7101666666666666, 0.9563333333333334), (0.711, 0.9761666666666666), (0.7021666666666667, 0.9721666666666666), (0.6641666666666667, 0.959), (0.627, 0.9553333333333334), (0.6233333333333333, 0.938), (0.6205, 0.9173333333333333), (0.6205, 0.9085), (0.6275, 0.907), (0.648, 0.9151666666666667), (0.654, 0.9325), (0.6738333333333333, 0.9471666666666667), (0.6933333333333334, 0.956), (0.7051666666666667, 0.9581666666666667), (0.7101666666666666, 0.9563333333333334)]
['mixed', (0.0135, 0.996), (-0.0003333333333333333, 0.9521666666666667), (-0.0006666666666666666, 0.7058333333333333), (0.012, 0.7436666666666667), (0.050666666666666665, 0.9053333333333333), (0.06316666666666666, 0.9588333333333333), (0.06366666666666666, 0.9746666666666667), (0.06316666666666666, 0.9853333333333333), (0.059833333333333336, 0.9886666666666667), (0.035666666666666666, 0.9993333333333333), (0.014666666666666666, 0.999), (0.0135, 0.996)]
['mixed', (0.11316666666666667, 0.9993333333333333), (0.0775, 0.8838333333333334), (0.059166666666666666, 0.8888333333333334), (0.022333333333333334, 0.7338333333333333), (-0.0003333333333333333, 0.669), (0.0005, 0.4713333333333333), (0.037333333333333336, 0.5648333333333333), (0.05433333333333333, 0.612), (0.072, 0.6635), (0.08633333333333333, 0.725), (0.10583333333333333, 0.8163333333333334), (0.122, 0.8866666666666667), (0.13283333333333333, 0.9216666666666666), (0.14116666666666666, 0.9791666666666666), (0.14783333333333334, 0.9795), (0.1685, 1.0001666666666666), (0.11316666666666667, 0.9993333333333333)]
['mixed', (0.16816666666666666, -0.0006666666666666666), (0.185, 0.026166666666666668), (0.20416666666666666, 0.05633333333333333), (0.20716666666666667, 0.061), (0.22566666666666665, 0.0915), (0.18033333333333335, 0.11366666666666667), (0.17116666666666666, 0.1185), (0.13316666666666666, 0.12283333333333334), (0.12733333333333333, 0.1395), (0.09116666666666666, 0.1465), (0.059166666666666666, 0.1445), (0.0245, 0.153), (0.0, 0.16516666666666666), (0.0016666666666666668, 0.064), (0.16816666666666666, -0.0006666666666666666)]
['deciduous', (0.11083333333333334, 0.4033333333333333), (0.11016666666666666, 0.3945), (0.14183333333333334, 0.36616666666666664), (0.1525, 0.37983333333333336), (0.15916666666666668, 0.3893333333333333), (0.17683333333333334, 0.396), (0.18416666666666667, 0.4036666666666667), (0.18083333333333335, 0.4036666666666667), (0.15616666666666668, 0.3938333333333333), (0.14616666666666667, 0.3938333333333333), (0.11016666666666666, 0.406), (0.11083333333333334, 0.4033333333333333)]
['mixed', (0.711, 0.9761666666666666), (0.7101666666666666, 0.9563333333333334), (0.711, 0.956), (0.708, 0.9478333333333333), (0.7018333333333333, 0.9221666666666667), (0.7365, 0.9361666666666667), (0.7643333333333333, 0.9465), (0.7965, 0.9453333333333334), (0.8328333333333333, 0.9376666666666666), (0.8468333333333333, 0.9353333333333333), (0.8495, 0.9431666666666667), (0.8483333333333334, 0.967), (0.8516666666666667, 0.9855), (0.8525, 0.9991666666666666), (0.7533333333333333, 0.9998333333333334), (0.7378333333333333, 0.991), (0.715, 0.9921666666666666), (0.7113333333333334, 0.9763333333333334), (0.711, 0.9761666666666666)]
['coniferous', (0.2065, 0.0595), (0.18833333333333332, 0.0285), (0.16816666666666666, -0.0006666666666666666), (0.16933333333333334, -0.0011666666666666668), (0.23966666666666667, 0.0), (0.2315, 0.013833333333333333), (0.22566666666666665, 0.0305), (0.2215, 0.04066666666666666), (0.20983333333333334, 0.0555), (0.2065, 0.0595)]
