['deciduous', (0.34398814563928876, 0.4079170194750212), (0.39860287891617274, 0.37235393734123623), (0.4157493649449619, 0.3808213378492803), (0.4375529212531753, 0.3803979678238781), (0.46253175275190517, 0.3869602032176122), (0.4466553767993226, 0.39923793395427604), (0.42908552074513123, 0.40770533446232005), (0.4206181202370872, 0.4055884843353091), (0.40664690939881454, 0.39585097375105843), (0.3911939034716342, 0.3899237933954276), (0.36939034716342084, 0.4022015241320914), (0.35182049110922947, 0.4142675698560542), (0.34398814563928876, 0.4079170194750212)]
['deciduous', (0.46104995766299744, 0.3579593564775614), (0.47777307366638444, 0.34398814563928876), (0.5052921253175275, 0.39690939881456394), (0.47502116850127013, 0.3825148179508891), (0.46104995766299744, 0.3579593564775614)]
['deciduous', (0.466342082980525, 0.3895004233700254), (0.48243014394580863, 0.3914055884843353), (0.5086790855207451, 0.4127857747671465), (0.518839966130398, 0.43522438611346315), (0.5173581710414903, 0.44961896697713805), (0.5046570702794242, 0.46994072819644367), (0.49576629974597797, 0.4714225232853514), (0.5076206604572396, 0.4460203217612193), (0.466342082980525, 0.3895004233700254)]
['deciduous', (0.5804403048264183, 0.4629551227773074), (0.5740897544453852, 0.4686706181202371), (0.5122777307366638, 0.4102455546147333), (0.48243014394580863, 0.33509737510584253), (0.4972480948348857, 0.3048264182895851), (0.5088907705334462, 0.32662997459779847), (0.5076206604572396, 0.3556308213378493), (0.5027519051651143, 0.36600338696020324), (0.5222269263336156, 0.40537679932260795), (0.5330228619813717, 0.41934801016088064), (0.5804403048264183, 0.4629551227773074)]
['deciduous', (0.6149449618966977, 0.5093141405588484), (0.5897544453852667, 0.4796782387806943), (0.6043607112616427, 0.4701524132091448), (0.6274343776460627, 0.49068585944115156), (0.6310330228619814, 0.49005080440304827), (0.6276460626587638, 0.4773497036409822), (0.6363251481795089, 0.4745977984758679), (0.6509314140558848, 0.49915325994919557), (0.6538950042337003, 0.504233700254022), (0.6359017781541066, 0.4959779847586791), (0.6234123624047417, 0.4997883149872989), (0.6149449618966977, 0.5093141405588484)]
['deciduous', (0.6824724809483489, 0.5247671464860287), (0.6820491109229466, 0.5220152413209145), (0.6833192209991532, 0.5186282811176969), (0.7233276883996613, 0.5281541066892464), (0.7233276883996613, 0.5313293818797629), (0.7133784928027096, 0.548264182895851), (0.6824724809483489, 0.5247671464860287)]
['deciduous', (0.5683742591024555, 0.5961049957662997), (0.5958933107535986, 0.5505927180355631), (0.6077476714648603, 0.5641405588484335), (0.5795935647756139, 0.6058425063505504), (0.5683742591024555, 0.5961049957662997)]
['deciduous', (1.0002116850127012, 0.9695173581710415), (0.9546994072819645, 0.9947078746824725), (0.9405165114309907, 0.9606265876375952), (0.9487722269263336, 0.9530059271803556), (0.9976714648602879, 0.9585097375105842), (1.0002116850127012, 0.9695173581710415)]
['deciduous', (0.867485182049111, 0.857324301439458), (0.8543607112616427, 0.8535139712108383), (0.8564775613886537, 0.8497036409822185), (0.8418712955122777, 0.8452582557154953), (0.8651566469093989, 0.7957239627434378), (0.8755292125317528, 0.7872565622353938), (0.880186282811177, 0.7957239627434378), (0.878281117696867, 0.8033446232006773), (0.8772226926333616, 0.8139288738357324), (0.8736240474174428, 0.8380609652836579), (0.867485182049111, 0.857324301439458)]
['deciduous', (0.00021168501270110075, 0.6632091447925487), (0.0004233700254022015, 0.6568585944115156), (0.10880609652836579, 0.5889077053344624), (0.11282811176968671, 0.59038950042337), (0.00021168501270110075, 0.6632091447925487)]
['deciduous', (0.4377646062658764, 0.5124894157493649), (0.4669771380186283, 0.4714225232853514), (0.4773497036409822, 0.472692633361558), (0.4479254868755292, 0.5116426756985606), (0.44072819644369177, 0.5165114309906859), (0.434801016088061, 0.5154530059271804), (0.43416596104995764, 0.5154530059271804), (0.4377646062658764, 0.5124894157493649)]
['deciduous', (0.65770533446232, 0.506138865368332), (0.6613039796782387, 0.4989415749364945), (0.6670194750211685, 0.5008467400508044), (0.6670194750211685, 0.5057154953429297), (0.6685012701100762, 0.5086790855207451), (0.6619390347163421, 0.5078323454699407), (0.65770533446232, 0.506138865368332)]
['deciduous', (0.9195596951735817, 0.993649449618967), (0.9271803556308214, 0.9841236240474175), (0.9377646062658763, 0.97883149872989), (0.9464436917866215, 0.9989415749364945), (0.9252751905165114, 0.9991532599491956), (0.9195596951735817, 0.993649449618967)]
['deciduous', (0.7946655376799323, 0.5698560541913632), (0.7734970364098221, 0.5626587637595258), (0.775190516511431, 0.5582133784928027), (0.7798475867908552, 0.5556731583403896), (0.7963590177815411, 0.5575783234546994), (0.798264182895851, 0.5580016934801016), (0.7950889077053345, 0.5662574089754445), (0.7946655376799323, 0.5698560541913632)]
